2 2 2 8 2 2 1 6 9 2 5 9 4 8 3 8
2 4 5 8 2 5 7 5 5 8 3 0 2 0 3 7
6 3 4 5 2 5 9 3 4 2 4 2 4 3 6 3
1 8 2 4 0 1 3 1 7 6 0 2 1 2 7 2
6 5 4 4 9 7 7 5 7 3 6 2 6 5 2 1
3 9 8 6 8 1 5 9 8 5 6 9 6 2 2 7
9 8 8 6 0 9 2 7 2 1 1 1 7 9 9 4
9 2 5 1 1 3 9 0 6 8 3 8 8 0 8 0
8 6 9 1 2 4 2 0 2 0 7 0 4 8 1 6
1 0 3 8 9 1 9 9 4 4 9 9 6 3 7 0
0 9 3 3 5 0 0 1 4 4 4 0 9 6 6 9
2 5 8 1 8 4 6 4 7 7 8 8 7 1 4 5
9 4 0 3 4 5 5 0 3 1 2 2 5 0 0 4
5 6 8 6 2 5 9 0 8 6 5 5 2 7 4 0
5 0 5 1 7 9 2 2 3 8 6 0 8 4 1 7
4 5 1 6 2 1 7 6 6 4 0 6 3 5 2 4
