301 279 205 221 299 233 213 307 207 229 201 174 251 266 267 250
367 447 296 362 447 313 363 394 397 365 333 333 372 364 413 415
301 330 313 350 345 256 271 370 248 341 263 254 296 298 344 302
378 340 245 244 350 334 312 333 300 283 268 215 372 336 344 310
417 359 248 324 431 384 324 400 343 342 291 309 399 359 459 348
372 298 245 202 303 293 257 313 302 216 208 244 325 296 287 325
389 331 261 289 337 323 259 394 285 325 292 230 367 295 411 366
343 361 253 291 339 276 291 374 368 334 318 265 348 314 419 333
390 273 289 311 288 289 242 414 309 281 278 235 391 254 391 382
353 375 339 349 437 307 307 377 295 339 263 293 334 334 340 358
318 301 270 263 286 237 251 282 285 291 284 213 347 240 343 295
397 447 335 378 462 337 357 423 363 377 368 316 364 375 426 401
294 324 311 261 292 250 241 362 259 295 285 234 296 263 368 319
356 409 297 291 401 301 311 332 390 304 287 312 327 348 346 327
332 297 174 172 307 261 201 299 282 188 175 245 264 265 294 250
312 395 317 262 336 279 275 286 287 362 279 285 374 263 406 335
