0 54 0 36 9 0 0 0 18 0 0 0 0 0 0 81
0 0 0 0 0 0 0 0 0 0 0 0 0 0 0 0
0 0 0 0 0 0 40 0 0 0 40 0 0 0 0 0
0 0 0 0 0 0 0 0 0 0 0 0 0 0 0 0
0 0 0 0 0 0 0 0 0 0 0 0 0 0 0 0
0 0 0 0 0 0 0 0 0 0 0 0 0 0 0 0
0 0 0 0 24 0 0 0 48 0 0 0 0 0 0 0
0 0 0 0 0 0 0 0 0 0 0 0 0 0 0 0
0 0 0 0 0 0 0 0 0 0 0 0 0 0 0 0
0 0 0 0 69 0 0 0 54 0 0 14 0 0 28 56
0 0 0 0 0 0 0 0 0 0 36 0 0 0 0 0
0 0 0 0 0 0 0 0 0 0 0 0 0 0 0 63
0 0 0 24 12 0 0 21 0 0 27 7 0 0 8 16
0 30 0 20 0 0 0 0 0 0 0 0 0 0 0 45
0 0 8 0 18 0 0 0 36 0 0 0 24 0 0 0
0 0 0 48 0 0 0 42 0 0 0 6 0 0 0 0
