0 0 0 0 0 0 0 0 0 0 0 0 0 0 0 0
7 0 0 0 0 0 81 0 0 14 0 0 14 0 36 0
0 0 0 0 0 0 0 0 0 0 0 0 0 0 0 0
0 3 0 9 0 0 0 0 0 0 0 0 0 0 0 0
0 9 0 27 0 0 0 0 0 0 24 36 0 0 0 0
0 0 0 0 0 0 3 0 0 2 22 24 0 0 0 0
0 0 0 0 0 0 0 0 0 0 0 0 0 0 9 0
5 27 0 81 0 0 0 0 0 10 0 0 10 0 0 0
0 0 0 18 63 0 54 0 0 0 0 0 0 0 81 18
0 0 0 0 0 0 0 0 0 0 0 0 0 0 0 0
0 0 0 0 0 0 0 0 0 0 0 0 0 0 36 0
0 0 0 0 0 0 0 9 0 0 0 40 0 0 0 0
0 0 0 6 21 0 18 0 0 0 0 0 0 0 0 6
0 0 0 0 0 0 3 36 0 2 6 0 0 0 0 0
0 0 0 0 0 0 0 0 0 0 0 0 109 0 0 0
0 0 0 8 0 0 0 0 0 0 0 0 40 0 10 0
