437 348 465 445 322 403 345 435 389 367 321 270 452 431 446 499
411 395 421 321 225 357 367 382 301 326 236 310 408 384 421 493
389 360 372 384 329 361 315 311 381 355 313 288 375 340 353 447
321 291 394 301 267 338 306 402 325 334 248 277 434 420 433 360
250 224 270 251 235 265 236 261 197 270 227 272 317 238 346 290
308 246 352 360 230 347 193 298 266 287 243 193 362 315 315 325
520 431 511 479 280 390 337 458 341 454 359 408 442 498 506 542
314 327 372 183 286 321 413 327 341 215 254 216 359 354 415 369
356 296 370 302 255 329 293 360 279 321 221 355 369 317 386 390
333 339 411 384 166 306 251 380 296 339 232 309 344 391 402 386
267 224 327 315 291 290 205 277 286 287 266 240 283 274 298 299
420 363 489 407 284 355 358 449 382 386 279 366 408 409 474 488
344 324 393 336 294 271 289 336 380 347 273 287 295 383 371 380
475 357 471 465 377 387 319 394 377 408 378 264 426 486 435 510
338 260 371 345 226 189 218 318 266 345 242 238 251 389 327 378
379 369 412 386 232 340 289 383 324 354 294 319 391 443 429 424
