381 385 251 243 415 421 323 386 335 365 443 427 395 405 393 329
336 336 213 227 362 333 306 382 348 352 343 313 330 364 346 366
285 290 191 237 301 345 233 294 266 318 358 344 273 368 340 184
240 282 255 201 306 337 272 325 257 310 359 311 251 385 372 200
414 431 320 348 495 475 391 451 391 521 514 470 439 503 544 405
314 386 272 243 441 354 305 373 328 382 424 406 392 411 419 279
346 424 274 259 408 357 333 407 409 405 390 401 334 415 441 365
220 292 186 194 244 171 257 307 312 266 229 283 214 269 311 246
296 344 302 303 383 363 338 401 364 451 366 344 323 472 501 366
316 330 234 240 347 343 297 363 348 380 341 324 339 377 383 345
282 314 195 228 282 290 231 329 273 315 321 303 290 342 319 248
248 340 248 250 363 345 311 397 316 337 407 338 353 462 410 254
332 361 284 287 402 370 232 358 253 381 433 365 344 335 400 279
319 377 256 307 364 304 276 422 266 366 473 373 371 301 353 322
248 333 246 253 337 292 301 394 285 377 364 248 330 410 397 332
289 379 326 284 405 302 379 407 366 446 425 415 370 431 492 330
