0 0 0 0 0 0 0 15 0 0 0 0 0 0 0 0
48 0 0 0 58 0 0 21 0 0 0 0 0 8 0 0
0 0 28 0 0 0 0 0 0 0 0 0 56 8 0 0
0 0 0 0 0 0 0 0 0 0 0 0 0 0 0 0
81 63 36 0 45 0 0 0 0 0 0 0 0 0 36 0
0 0 0 0 0 0 0 0 0 0 0 0 0 0 0 0
0 0 0 0 0 0 0 0 0 0 0 0 0 0 0 0
0 0 0 0 40 0 0 0 0 0 0 0 0 8 0 49
40 0 0 0 15 0 0 0 0 0 0 0 0 0 0 0
0 0 0 0 0 0 0 6 0 0 0 0 0 0 0 0
32 0 0 0 12 0 0 0 0 0 0 0 0 0 0 49
27 21 0 0 15 0 0 0 27 0 0 0 0 0 12 0
0 0 0 0 24 0 0 0 0 0 81 0 81 0 63 0
0 0 0 0 0 0 0 0 0 0 0 0 0 0 0 0
0 32 0 0 0 56 0 24 0 0 0 0 0 16 0 0
48 0 0 0 18 0 0 0 0 0 36 0 36 0 28 0
