15 16 20 19 24 15 17 14 24 16 25 24 18 20 21 19 20 20 18 18 22 22 21 22 25 22 24 26 20 24 17 18 19 24 20 18 19 17 22 14 22 17 15 16 22 27 22 18 17 19 22 23 23 19 21 18 20 21 18 15 26 17 21 20
15 15 12 20 18 11 12 12 17 16 19 16 15 12 17 13 15 11 18 16 21 16 19 16 16 17 15 18 15 20 12 17 13 17 15 11 20 14 15 15 17 16 13 14 18 20 18 11 12 16 18 16 16 15 14 10 13 16 12 12 16 12 16 17
17 15 18 20 17 12 15 15 20 12 22 21 17 13 17 17 16 15 19 16 21 18 18 18 19 15 18 17 19 21 15 14 17 19 18 14 16 13 14 13 22 15 16 13 19 22 19 14 15 17 15 17 23 16 18 11 18 16 12 15 17 15 16 21
16 18 19 15 17 11 16 11 20 13 16 16 12 16 21 18 12 13 16 17 16 18 16 20 18 18 16 18 18 20 13 18 14 18 13 16 16 15 17 10 16 15 12 12 18 19 17 13 13 22 18 17 20 16 16 11 18 16 14 12 17 13 16 19
10 13 15 14 16 13 16 8 21 10 16 19 11 16 15 14 16 13 17 18 14 17 13 16 16 14 11 14 12 15 11 17 11 14 16 9 17 9 14 15 20 14 17 9 17 15 14 10 16 17 16 16 18 11 13 12 10 18 15 12 13 14 13 17
15 19 17 13 17 15 18 12 22 16 20 17 14 17 19 17 17 14 20 21 19 20 17 22 20 18 17 20 17 22 14 16 17 21 14 15 21 12 17 16 24 21 16 14 22 21 19 12 17 22 18 20 19 12 17 13 17 20 20 16 21 15 17 16
17 19 20 18 21 17 15 18 27 15 19 19 18 15 16 18 14 19 22 14 17 20 15 19 20 23 19 21 20 24 14 22 16 21 19 16 20 16 21 13 19 18 12 19 21 24 17 15 18 19 18 19 24 17 18 13 17 21 19 10 23 16 18 19
16 14 13 12 23 15 18 13 19 14 21 21 13 15 19 15 16 16 19 17 14 18 17 19 19 16 15 18 16 17 13 17 15 22 17 13 14 8 12 16 18 15 17 11 18 22 15 15 16 17 17 21 23 14 21 13 12 17 12 14 17 14 18 21
18 17 17 18 22 15 16 15 23 17 21 18 16 16 22 18 16 13 22 18 19 20 18 21 19 18 18 14 21 24 15 19 14 19 17 16 16 18 18 12 18 15 17 15 22 18 18 17 17 23 16 19 20 25 21 17 19 17 16 16 19 16 21 21
14 14 17 18 15 15 13 12 20 14 20 19 14 15 19 15 18 16 19 14 22 20 19 20 19 19 20 15 17 18 12 16 17 21 12 14 19 15 14 17 20 16 12 15 19 19 19 14 16 19 20 18 21 14 17 13 20 18 20 15 24 14 14 19
12 13 16 12 17 14 12 11 19 12 19 20 13 15 13 16 14 16 15 15 18 17 15 16 18 15 17 16 17 19 12 20 14 16 13 13 16 11 14 11 17 12 12 15 13 19 18 14 14 18 19 12 15 14 17 10 16 19 16 13 15 11 13 19
14 13 19 19 16 12 18 13 21 15 20 18 14 15 16 14 13 11 16 18 20 17 14 14 18 15 18 16 15 18 17 15 13 19 15 14 20 16 15 13 17 15 17 11 20 17 16 13 18 21 16 20 20 14 15 11 18 21 14 13 17 15 16 18
12 12 14 13 20 8 14 10 20 13 22 19 11 12 20 14 16 11 19 14 17 16 16 18 14 16 15 14 15 18 15 16 14 15 13 9 12 14 13 10 18 12 13 10 15 17 15 12 17 15 17 16 17 13 16 13 14 14 13 16 17 11 21 19
12 14 13 10 11 9 12 10 15 11 11 11 12 10 12 9 11 10 11 13 11 14 14 12 15 13 9 15 13 19 12 14 11 13 10 10 14 8 16 9 14 14 9 10 15 15 12 9 11 12 12 13 13 11 11 8 12 16 13 8 11 11 16 9
11 14 15 13 13 12 9 13 20 14 16 19 13 16 14 14 17 16 16 17 13 17 10 15 13 13 16 15 12 18 11 13 13 17 16 13 15 12 15 12 17 14 15 13 17 19 14 13 14 22 15 13 14 18 12 12 13 18 15 13 16 13 13 15
15 13 13 14 15 10 14 11 15 12 18 16 13 15 13 14 18 12 14 16 18 17 15 12 12 14 16 15 15 19 15 14 15 16 15 12 13 15 14 10 18 12 14 12 13 14 17 13 14 18 16 11 12 17 14 13 16 15 10 13 14 12 17 18
14 17 15 18 19 15 13 12 22 18 20 21 16 17 19 17 17 19 20 14 17 22 20 18 21 18 18 18 17 21 15 19 15 19 18 14 17 16 15 16 19 16 13 14 20 22 18 14 17 17 20 18 17 20 17 15 17 19 19 14 21 11 18 18
15 12 15 17 19 9 11 10 15 17 21 22 14 14 19 15 18 19 16 15 17 20 18 16 17 18 17 16 13 18 15 15 14 19 16 13 14 12 12 15 15 12 13 17 14 17 15 15 15 21 22 18 15 19 15 14 18 16 10 18 14 14 13 18
16 16 24 19 19 14 15 12 20 18 22 22 14 15 20 20 18 20 17 19 22 20 18 21 21 23 20 20 21 23 16 17 18 22 13 17 19 15 19 11 17 14 14 18 19 20 20 13 20 23 21 22 21 19 17 12 20 20 19 17 20 13 17 19
13 16 15 16 16 14 12 13 19 18 20 19 11 17 20 12 17 17 17 16 17 19 20 17 16 19 18 17 15 19 15 20 14 18 16 14 18 16 16 16 18 17 14 13 19 16 13 13 16 16 21 18 18 18 14 15 17 18 17 10 19 12 16 16
15 11 16 17 20 13 13 14 21 15 19 20 15 14 20 16 19 14 20 18 16 20 19 18 16 16 17 15 18 19 17 15 19 16 15 15 17 12 12 12 17 14 17 15 17 15 18 17 15 19 19 14 16 24 21 15 20 15 17 16 15 15 21 21
11 9 15 8 13 12 9 16 19 12 18 16 7 7 13 13 10 13 17 11 9 15 12 15 9 16 11 15 8 15 14 13 12 11 13 9 13 10 10 10 14 13 14 12 13 15 12 9 12 15 13 14 13 13 13 11 12 14 15 11 13 11 16 13
11 13 12 9 12 12 12 13 13 9 18 12 9 13 13 11 11 12 15 13 12 12 12 16 15 12 10 13 10 17 8 15 10 14 12 8 16 8 9 11 16 15 13 10 16 16 16 9 13 11 13 12 15 9 10 13 10 13 10 10 13 9 12 12
9 8 12 12 13 7 6 8 14 9 14 14 10 10 12 12 14 12 9 12 11 15 15 11 9 14 13 14 10 11 13 9 14 9 8 12 9 11 10 6 12 11 11 11 10 14 11 10 8 12 15 11 12 15 15 11 12 11 10 11 13 7 15 15
16 15 15 18 17 13 15 11 21 16 20 19 17 16 15 16 16 19 15 19 17 22 17 15 18 14 18 14 15 19 16 17 12 21 17 12 14 16 17 16 18 16 12 14 18 16 15 15 16 19 16 18 15 16 18 11 14 16 17 12 14 14 16 16
13 15 16 16 16 13 9 9 17 15 11 13 12 13 16 10 13 12 14 15 15 14 18 16 13 14 16 18 16 18 15 12 13 17 13 16 16 14 19 8 12 14 9 12 22 15 14 10 14 16 15 19 13 18 11 10 17 13 15 10 19 12 15 11
15 15 18 17 17 13 15 14 19 15 24 22 13 20 18 16 18 17 15 20 25 19 17 17 22 20 19 24 21 23 19 18 20 22 18 16 21 14 20 14 22 19 17 13 20 23 20 17 18 21 21 20 19 19 16 16 21 22 17 16 25 16 19 19
11 12 8 15 15 7 8 6 14 12 13 12 12 12 14 10 10 11 11 14 12 12 11 13 10 12 13 12 12 13 10 11 12 14 12 9 10 13 10 10 12 11 6 9 10 15 11 10 7 14 13 10 11 12 10 6 10 8 9 9 14 6 12 13
18 18 17 22 23 16 13 14 26 15 25 22 16 17 24 16 20 16 25 19 22 22 21 21 20 18 19 21 23 25 18 21 21 22 19 17 21 16 18 13 17 19 19 17 25 23 21 20 18 23 21 23 23 23 19 15 22 18 17 17 22 20 22 22
16 17 16 14 20 16 15 17 24 14 21 23 15 19 19 23 15 17 17 19 18 19 19 22 16 22 21 22 20 24 18 20 18 20 18 12 17 16 21 14 19 16 15 19 18 22 17 18 16 21 20 17 19 19 22 16 18 17 19 16 18 16 21 22
13 17 15 19 16 13 12 10 21 10 19 22 15 18 19 13 17 15 18 14 21 18 15 16 21 18 17 19 17 24 13 19 20 22 17 14 17 16 22 12 19 19 12 17 21 19 17 17 16 19 15 21 18 18 16 12 18 18 18 15 19 14 20 16
13 15 19 14 15 16 14 12 19 14 20 16 12 12 17 19 15 15 19 17 17 16 16 17 20 15 16 15 17 17 12 18 15 17 13 17 20 13 15 12 14 15 15 15 22 16 19 11 17 18 17 18 18 16 16 13 19 16 20 12 18 14 16 17
15 16 15 14 19 13 14 9 19 15 20 17 14 16 21 15 18 16 18 18 16 19 15 18 17 16 15 18 15 19 14 16 15 21 13 14 16 12 15 12 17 17 11 18 19 17 18 13 14 20 17 18 12 17 18 14 16 13 14 17 15 12 12 17
12 14 15 14 15 11 11 10 22 13 13 20 9 14 18 14 14 10 14 16 16 16 14 15 14 14 15 16 16 18 15 15 12 13 15 12 17 10 16 12 15 12 11 10 18 18 15 13 11 18 17 13 14 17 14 11 15 17 15 10 16 13 16 18
16 12 17 15 17 12 13 13 20 16 19 15 17 13 16 14 14 15 19 18 16 21 19 16 17 17 13 17 19 19 17 19 15 15 17 12 18 12 13 13 20 11 16 12 18 15 16 14 15 18 18 14 14 19 21 16 18 16 14 14 16 15 16 18
15 12 19 16 15 13 14 15 19 9 15 18 15 16 16 14 14 17 17 14 14 18 13 15 19 18 14 16 17 19 13 19 18 18 14 15 16 12 14 12 15 13 12 17 15 15 13 16 17 18 15 16 21 18 17 14 18 15 16 12 14 13 14 18
10 10 15 14 16 14 12 8 15 13 12 12 14 16 16 12 14 13 12 15 13 16 17 16 13 13 15 14 19 12 13 12 11 13 11 12 10 12 16 8 12 14 12 11 18 14 11 11 13 16 16 14 13 15 15 12 15 12 15 12 14 11 13 14
14 16 16 18 16 12 11 12 20 16 21 20 12 15 17 19 16 18 16 19 18 19 18 21 15 20 17 17 15 17 14 16 17 19 12 15 19 14 16 14 17 16 13 15 18 17 19 15 18 22 22 18 19 18 18 9 17 17 15 16 18 11 13 23
14 13 16 17 15 10 14 11 15 13 18 15 16 17 20 14 15 13 17 15 18 18 15 14 18 15 18 16 15 22 16 15 16 17 16 14 15 18 18 11 20 17 15 13 19 16 17 13 12 18 16 18 13 17 17 14 18 15 13 18 14 13 17 16
14 14 16 14 18 17 13 12 17 14 21 17 13 14 17 17 15 15 20 16 15 16 13 18 16 17 16 14 15 19 10 18 13 18 18 9 16 13 13 17 18 16 15 11 19 19 14 12 13 17 14 18 19 12 14 12 14 15 13 13 17 18 13 16
16 16 16 16 16 12 14 12 19 13 21 22 17 13 17 17 19 14 17 18 18 16 19 21 17 17 18 16 19 20 12 15 20 20 12 16 14 15 19 9 16 14 13 14 17 19 19 17 16 16 16 21 20 18 19 10 16 16 15 15 17 10 19 20
13 12 15 19 20 15 13 11 18 14 16 18 15 16 13 12 14 16 14 14 15 19 16 12 16 12 18 14 15 17 17 11 11 15 19 13 11 12 12 13 16 15 13 11 17 15 13 13 14 16 15 15 16 19 15 15 15 15 13 13 16 15 14 14
14 14 18 14 18 11 15 17 19 14 22 21 15 10 19 17 14 14 17 17 15 18 14 18 16 17 22 13 15 21 15 14 14 20 14 14 15 15 13 12 18 14 12 17 15 19 14 12 16 19 15 16 20 14 21 15 17 16 15 14 14 12 18 18
16 13 17 17 18 11 13 10 17 10 19 20 11 13 19 17 14 12 15 18 16 20 21 19 15 17 18 15 19 19 16 15 15 17 11 12 15 12 15 10 16 8 10 11 16 16 18 13 15 19 17 16 18 16 19 13 18 11 11 14 17 12 16 21
7 14 13 13 10 9 9 5 15 8 16 19 11 12 16 11 18 12 12 17 15 16 12 14 12 12 13 10 15 15 10 12 19 17 9 14 16 10 14 11 12 15 9 15 17 13 14 13 12 17 13 16 14 12 15 9 14 13 14 13 11 10 12 16
12 11 16 13 15 8 8 9 17 12 16 14 10 12 16 12 16 12 15 17 14 15 16 14 10 14 13 17 16 17 14 14 17 14 10 12 16 14 15 8 13 14 10 12 18 17 14 11 14 17 14 15 14 13 12 6 15 11 11 11 16 11 15 15
11 16 17 13 16 12 11 10 21 8 18 18 12 12 15 15 15 10 14 17 14 16 15 13 17 18 17 16 14 19 14 17 15 14 10 13 20 14 15 9 17 11 12 11 16 20 14 11 12 15 15 15 19 11 17 11 14 17 15 9 16 12 18 16
11 11 11 11 14 10 11 12 14 11 18 17 8 11 15 12 10 13 10 8 13 18 10 8 14 12 17 12 8 13 15 9 11 17 14 8 7 11 10 11 14 11 13 10 11 15 10 8 10 13 12 12 15 15 14 13 12 15 11 12 12 13 14 14
13 19 15 17 18 12 15 12 21 17 18 22 15 16 19 16 21 15 18 19 18 19 17 20 14 18 18 15 23 22 12 18 18 21 19 15 17 17 18 15 15 17 15 17 20 21 16 20 17 20 24 17 19 17 15 12 20 18 14 17 19 15 16 21
13 13 15 13 18 13 13 13 18 14 20 20 12 17 16 14 20 19 17 16 16 21 16 18 13 18 16 17 18 20 12 17 20 19 16 16 18 10 15 19 12 13 12 18 17 18 19 17 15 18 20 18 18 16 15 15 18 17 14 14 17 13 13 19
17 13 13 14 19 14 14 15 21 12 19 18 10 14 17 14 10 12 18 15 19 17 13 19 11 16 16 17 19 20 13 18 15 17 12 13 15 13 14 13 16 15 15 14 18 19 15 13 16 17 17 15 18 18 18 11 15 16 11 15 16 13 15 24
17 10 14 14 17 14 10 14 21 15 21 17 8 16 18 16 17 19 16 18 16 22 15 16 15 16 15 18 11 19 17 15 16 21 13 12 15 11 14 14 15 18 15 14 15 18 19 17 12 21 17 17 16 19 20 15 14 18 17 14 18 12 16 17
15 16 17 14 20 13 16 11 20 15 17 18 13 17 21 18 16 18 18 15 14 19 17 19 17 19 17 21 19 21 15 19 16 21 19 14 15 16 19 13 17 15 12 13 19 20 17 14 14 16 20 18 19 16 17 13 19 17 16 16 18 14 17 18
14 18 19 17 18 14 17 12 23 16 18 19 14 17 18 19 14 19 17 17 18 20 20 18 18 20 18 22 15 19 19 18 17 21 19 16 20 16 17 12 19 19 13 20 21 15 20 13 18 20 19 18 16 18 18 14 19 19 20 13 18 11 18 17
11 9 18 16 18 13 13 12 18 9 20 16 15 14 18 13 15 10 16 15 15 17 18 14 15 15 17 14 17 17 16 16 12 13 13 10 18 15 13 11 13 11 15 13 20 15 13 14 14 15 16 18 17 15 17 13 18 12 11 13 14 17 13 15
16 15 17 20 22 14 16 13 20 13 23 21 16 18 20 17 17 15 18 19 22 18 19 21 17 21 20 22 19 23 17 20 16 19 22 14 21 17 18 15 23 17 17 15 21 22 21 15 12 20 20 20 21 17 17 14 18 17 12 17 19 18 18 21
17 17 18 16 18 15 16 10 22 13 21 21 12 16 17 17 17 15 17 23 22 16 19 21 18 15 15 18 20 19 19 17 20 22 13 15 20 11 18 10 19 17 16 12 21 16 20 17 21 20 18 22 20 20 22 12 18 18 17 16 19 14 18 23
17 16 17 14 21 15 16 13 24 18 19 19 15 15 20 14 14 17 20 17 14 21 19 16 17 19 16 22 17 22 16 20 13 21 15 16 16 12 18 14 18 16 13 15 20 18 17 15 17 20 19 21 20 16 21 14 16 18 15 17 18 15 18 19
11 13 11 11 11 8 14 11 18 9 15 14 9 11 15 14 10 12 15 12 12 15 14 15 14 12 11 13 9 15 12 12 11 16 9 8 15 10 12 11 13 13 11 11 14 12 14 10 16 14 17 14 14 11 10 8 12 13 14 15 13 11 12 13
10 8 14 13 16 10 12 10 18 12 18 14 11 17 13 11 13 14 15 12 15 13 13 15 15 13 14 15 12 17 11 12 11 14 13 10 13 15 15 10 15 13 13 9 16 15 14 13 13 15 11 16 15 12 12 12 10 15 11 10 17 10 13 13
17 12 19 13 13 13 15 14 19 12 23 19 12 15 18 17 16 13 15 20 14 15 15 14 16 14 17 20 18 18 16 15 14 17 13 9 15 10 19 9 17 14 15 9 16 17 18 14 14 16 14 14 18 12 16 15 15 14 14 16 13 13 17 16
14 14 16 13 20 14 15 15 21 15 18 17 15 17 23 16 18 11 20 18 13 23 17 14 16 13 19 20 18 22 13 19 15 21 13 16 17 15 18 13 14 18 18 17 25 23 14 12 17 19 18 18 20 18 19 16 20 17 14 14 17 20 18 17
11 15 15 18 14 9 11 12 19 16 17 18 13 13 16 13 16 14 15 13 19 20 18 17 17 19 18 16 15 19 14 14 14 19 15 16 19 17 17 13 18 13 11 15 18 17 16 16 13 21 16 18 16 17 19 11 17 17 16 11 18 10 17 17
14 12 11 14 14 8 15 9 16 13 16 18 12 11 17 14 14 16 17 12 14 16 13 16 18 14 13 13 12 14 10 13 12 20 16 12 14 7 11 13 18 14 13 13 12 15 16 13 13 18 16 17 17 11 16 9 12 17 13 16 12 9 14 17
