14 14 15 13 17 19 23 15 14 18 14 15 14 15 15 9 15 14 12 8 15 13 16 10 16 15 17 13 16 17 11 14 10 14 13 16 11 17 13 12 15 13 16 16 15 11 11 10 12 15 10 16 18 16 16 15 14 12 19 18 14 11 14 15
20 17 22 18 22 16 19 16 16 19 22 20 16 18 19 12 21 20 20 10 20 20 21 14 20 19 20 16 21 16 17 20 13 19 20 12 19 20 23 15 12 18 16 21 20 15 20 14 21 20 8 20 21 22 22 18 23 20 17 18 19 20 20 22
19 19 18 19 22 17 23 17 11 19 20 17 15 19 24 11 20 20 18 13 18 21 18 16 19 20 19 20 19 22 19 18 11 15 19 20 18 19 17 20 19 21 15 23 21 17 18 14 18 17 14 20 18 17 17 13 17 19 22 22 19 19 16 22
15 16 17 17 19 16 18 14 12 13 16 13 15 20 16 11 13 16 12 11 18 15 14 13 15 17 14 13 18 17 17 16 11 13 12 14 14 15 15 15 15 11 17 18 17 15 12 8 12 18 10 17 19 17 22 9 14 17 19 19 15 15 12 14
17 15 16 15 18 17 18 20 13 17 18 14 16 19 19 10 15 17 15 15 18 21 16 17 18 20 21 16 18 18 14 19 10 12 17 16 15 19 13 17 13 20 18 21 23 15 18 12 16 20 9 17 19 19 20 15 16 16 22 18 15 16 15 19
20 16 15 14 16 14 14 21 10 15 21 18 14 15 15 9 14 15 16 10 18 20 17 14 21 20 18 13 17 12 15 15 11 14 15 13 17 20 15 16 15 15 19 18 17 16 14 13 17 19 7 17 17 20 20 14 15 16 20 14 12 14 17 19
16 16 15 17 19 18 20 14 14 18 14 16 17 17 16 12 16 23 14 12 16 19 15 11 17 15 19 16 15 18 14 16 11 13 12 14 14 16 15 12 15 13 17 16 15 14 13 14 17 21 11 21 16 17 17 11 12 17 19 16 14 13 13 20
17 14 21 15 21 13 17 15 15 18 18 17 12 17 17 13 17 18 15 15 19 19 20 13 14 15 19 14 22 16 15 15 12 17 13 16 16 20 18 18 16 17 15 15 17 17 15 13 19 19 11 20 14 20 15 14 21 16 19 16 17 20 15 20
18 10 17 18 20 15 20 12 12 13 18 11 16 14 12 9 14 16 13 11 15 15 14 9 18 17 20 15 19 13 13 17 10 13 13 14 13 17 15 12 10 15 14 16 18 12 10 13 15 16 9 18 16 15 15 13 14 16 16 17 16 11 13 21
17 13 18 15 16 11 19 17 15 18 19 16 18 13 16 14 14 20 13 11 20 19 20 10 17 17 20 16 19 16 12 17 12 15 16 16 18 20 12 15 14 20 13 21 19 16 15 12 18 19 11 17 19 17 21 15 18 17 16 18 16 17 15 19
22 18 22 21 22 17 16 17 16 13 23 17 19 15 19 12 16 17 12 13 18 20 21 12 19 19 22 17 22 14 20 21 13 17 17 16 22 22 18 17 15 19 17 21 21 16 14 14 17 17 12 21 20 20 21 12 16 17 20 19 20 19 18 24
20 17 14 17 20 17 19 23 14 16 19 17 16 16 17 13 17 20 14 11 20 21 18 15 16 18 22 17 17 16 15 18 15 15 23 17 15 20 14 17 13 14 17 20 23 19 17 16 15 19 10 21 18 19 20 15 19 16 17 18 18 19 15 19
20 17 22 19 26 20 23 20 18 23 22 16 16 23 18 17 22 22 19 17 22 24 24 16 20 20 25 17 24 22 20 23 17 19 20 18 21 25 18 22 20 19 19 23 23 21 22 17 18 24 15 25 21 22 23 17 20 23 22 26 22 26 19 24
15 13 17 11 15 14 15 15 16 17 18 14 12 16 16 10 14 18 14 5 17 15 17 9 16 16 19 14 13 16 10 18 8 16 14 14 13 12 12 12 10 11 14 17 12 14 13 12 13 14 10 18 13 16 14 11 11 11 15 17 12 16 12 19
20 15 16 18 22 14 21 19 13 17 16 16 15 22 16 12 17 21 17 14 22 18 19 14 19 18 20 15 20 16 17 19 12 14 17 16 18 22 14 15 16 16 19 18 22 16 13 11 19 20 9 19 17 20 20 13 17 15 18 17 15 14 16 21
11 13 14 14 14 13 17 13 11 13 13 14 14 18 18 11 14 22 12 10 19 17 16 15 15 16 17 14 17 16 13 16 11 13 14 15 16 16 13 14 12 15 15 17 18 17 11 14 13 18 9 16 14 15 19 12 18 15 16 15 17 16 11 15
18 14 18 20 19 16 22 11 7 18 15 17 16 19 18 11 12 19 15 12 20 20 18 12 19 14 15 14 19 20 18 16 10 15 13 14 17 17 14 14 16 17 13 18 20 12 13 11 16 17 8 17 20 19 18 12 18 17 17 16 17 16 14 18
20 16 18 18 21 20 16 15 15 19 17 16 17 16 18 13 19 23 18 10 21 22 21 16 18 18 21 13 18 17 15 17 9 14 15 16 18 20 18 18 13 17 17 18 18 17 15 16 19 22 8 18 20 22 21 18 19 14 19 13 19 16 15 18
16 12 20 16 19 18 17 15 15 17 16 16 18 17 17 12 16 19 15 15 17 17 18 12 20 18 20 12 22 20 15 18 13 14 13 19 16 16 17 17 13 16 20 17 21 15 14 10 14 21 12 17 20 18 21 16 19 15 24 16 19 14 15 18
21 15 18 17 20 17 20 19 11 21 19 15 21 20 14 14 19 19 18 16 16 22 21 14 19 22 22 20 22 16 14 19 12 11 17 14 13 19 16 17 18 18 19 19 19 13 19 14 17 18 13 20 21 20 22 16 13 14 21 20 16 18 18 20
24 18 21 21 25 18 22 19 17 20 21 18 17 18 19 13 22 21 18 16 20 23 22 17 21 20 26 17 21 18 19 20 13 19 20 16 17 23 21 20 17 18 21 19 20 15 16 15 20 20 11 19 19 22 19 15 20 14 23 17 19 14 18 23
20 19 17 19 23 15 19 19 12 17 22 18 18 15 18 12 19 18 17 15 22 20 20 13 20 22 21 15 17 19 21 21 14 17 21 16 19 20 16 18 15 17 18 20 21 19 15 17 16 22 10 20 19 22 24 13 18 22 19 18 16 19 15 19
18 14 19 19 21 17 20 16 15 16 18 10 15 19 15 14 18 16 15 13 17 19 13 15 14 18 22 14 18 18 19 18 9 17 18 14 14 19 18 18 15 15 17 18 20 12 16 13 15 17 11 16 18 19 19 11 15 15 15 19 15 15 15 19
17 14 18 16 16 18 15 14 9 16 18 15 17 13 14 12 9 15 12 12 17 19 18 11 19 17 17 14 19 16 15 15 10 14 13 11 14 18 15 16 13 13 16 16 17 14 13 12 15 17 12 15 19 14 17 13 15 17 18 14 13 16 17 18
19 18 18 18 18 19 17 20 17 16 16 15 14 17 21 11 18 18 13 11 17 20 21 13 15 11 19 14 18 15 14 15 16 15 18 16 17 20 18 19 16 16 15 20 22 16 17 9 15 20 10 19 16 18 20 16 16 15 21 20 23 18 17 21
16 18 20 17 21 13 19 19 15 18 21 14 15 18 18 11 16 18 19 16 17 20 19 16 15 22 21 22 21 18 16 18 11 16 17 19 14 17 16 18 14 19 15 20 21 16 17 15 13 20 9 19 16 18 17 15 16 18 22 22 17 19 18 25
20 12 15 14 17 14 13 14 12 15 18 16 14 15 14 7 13 15 14 6 13 18 18 11 17 18 18 15 17 18 15 16 8 10 11 12 15 14 17 15 8 14 15 20 15 12 19 12 12 16 7 15 17 15 19 11 14 15 16 15 12 14 12 15
17 15 13 16 19 15 16 15 10 15 17 15 11 18 16 8 13 16 12 12 19 19 18 11 18 17 16 15 18 17 18 14 14 15 14 16 16 12 17 18 12 14 17 19 17 17 18 13 16 18 7 17 15 18 18 12 17 17 16 14 17 19 12 15
16 14 21 18 24 19 23 17 16 19 19 14 20 17 16 13 17 19 15 15 21 18 17 16 19 22 22 18 21 20 17 23 12 18 15 16 16 22 20 18 15 16 19 20 23 18 17 11 16 20 12 16 21 19 20 17 20 17 20 22 18 15 16 21
18 14 22 19 21 14 20 15 12 16 17 16 17 18 17 14 17 24 18 14 18 18 16 15 18 17 19 17 18 18 17 17 12 16 13 14 11 15 19 15 15 15 17 17 21 12 14 13 20 20 10 18 17 20 16 14 16 15 18 14 15 13 12 22
13 13 20 18 21 18 18 15 15 18 21 15 16 18 16 8 14 19 14 13 19 18 17 13 19 19 20 14 17 17 15 18 13 19 14 17 13 16 17 19 15 13 19 20 18 16 19 10 17 20 10 22 19 21 18 17 18 19 18 16 19 17 14 20
11 11 12 12 15 9 10 9 12 9 14 10 10 12 13 8 11 11 7 9 11 10 11 8 10 11 13 9 12 11 9 15 9 12 10 9 9 12 10 7 7 7 10 9 14 10 6 9 11 13 8 13 13 13 12 7 13 13 11 13 10 13 9 10
17 14 19 12 17 15 18 19 13 16 13 16 17 15 18 15 14 21 15 11 19 20 17 11 13 11 21 15 19 18 13 15 13 15 15 16 12 23 16 14 14 12 16 15 22 14 11 11 17 20 13 19 14 17 15 15 18 15 18 15 16 17 13 17
17 11 18 15 21 13 19 15 15 17 18 14 16 15 16 12 16 16 13 11 17 17 16 11 15 15 19 15 18 17 17 19 9 18 15 17 18 19 13 13 15 16 14 20 21 11 13 12 15 17 10 16 19 16 15 11 17 17 17 17 16 13 17 20
14 13 14 16 15 13 15 13 14 12 12 9 14 13 14 9 15 18 8 7 19 13 12 7 13 13 19 16 17 13 12 14 9 15 16 13 16 16 13 10 11 11 14 15 16 10 11 11 14 17 9 18 11 16 15 12 14 13 11 14 15 12 11 19
19 16 14 17 20 13 15 15 14 9 18 12 18 14 15 15 19 18 15 12 14 16 16 12 12 14 19 17 17 11 15 18 12 12 17 13 16 18 18 15 13 17 14 16 17 13 13 12 16 17 9 18 15 16 16 12 16 14 16 17 17 14 14 19
15 15 17 16 22 21 22 18 16 19 17 13 16 16 18 13 18 15 12 12 19 17 19 13 16 15 21 15 17 17 16 16 16 15 18 19 16 21 12 20 16 18 15 24 20 18 16 10 12 19 9 19 18 17 18 15 15 15 18 21 21 17 16 21
16 14 17 12 21 10 18 15 15 17 17 16 11 17 20 11 18 13 16 14 16 18 18 15 16 16 18 15 15 20 18 16 12 12 12 14 16 17 17 15 13 19 14 21 19 14 19 12 13 17 10 13 15 16 17 9 17 15 17 19 14 16 14 17
18 9 18 16 19 16 18 14 12 18 12 14 12 16 16 10 16 15 13 9 19 15 17 9 16 16 19 11 18 15 18 14 11 14 13 14 14 18 14 14 10 13 13 18 16 17 13 11 13 17 11 17 17 19 22 10 14 14 17 19 12 14 14 17
16 15 13 16 17 16 11 16 13 15 16 15 11 18 14 11 16 15 11 14 18 19 18 13 17 14 19 13 20 13 16 14 13 13 15 13 17 17 15 16 16 13 17 14 17 14 15 12 18 16 10 17 15 19 16 11 17 14 14 16 18 18 17 17
18 15 16 15 21 15 19 18 16 18 18 14 14 18 19 14 18 20 15 12 19 22 19 12 19 18 21 17 16 18 12 20 12 12 13 16 16 18 17 15 13 14 15 20 20 16 17 13 18 17 14 17 17 14 16 14 14 16 20 20 15 17 14 21
13 15 18 17 19 14 20 16 15 20 18 13 16 16 17 9 18 22 14 13 19 20 16 11 18 17 20 16 18 20 14 19 8 17 16 18 19 20 15 15 11 17 14 20 21 13 15 12 13 20 8 15 17 19 21 19 20 16 16 18 18 19 15 20
13 15 16 14 14 11 14 16 12 12 17 13 19 14 15 12 12 16 14 11 15 18 15 14 15 18 17 18 16 14 10 15 8 12 13 15 13 16 15 12 10 13 14 14 17 11 11 13 12 10 10 15 14 8 12 10 16 15 20 15 13 14 13 20
16 14 16 14 19 12 17 18 16 21 17 13 17 12 19 12 21 18 11 11 19 17 16 9 18 17 18 16 18 15 12 17 11 14 17 16 14 20 14 11 12 15 10 16 22 13 14 13 20 15 11 17 16 17 14 15 15 13 14 20 14 16 16 21
17 13 18 16 22 14 20 15 15 18 19 15 17 18 17 11 19 17 16 12 16 18 17 15 19 22 22 16 18 16 13 19 10 14 12 16 17 20 16 15 16 17 19 22 16 16 16 13 16 16 11 18 18 17 21 13 19 17 18 18 14 14 15 16
12 16 19 11 21 19 20 15 17 18 14 16 14 16 17 13 17 20 12 11 19 13 17 11 13 14 19 14 21 21 14 19 11 19 16 17 18 21 17 18 15 14 14 17 19 16 16 11 14 19 14 19 14 17 15 14 18 18 19 23 18 20 15 18
19 23 17 16 22 18 18 22 15 19 19 20 16 18 18 13 19 24 15 14 24 20 23 17 17 17 23 17 22 19 18 19 14 20 20 17 21 26 18 19 17 16 19 16 24 21 16 18 17 21 10 19 14 21 17 17 20 18 19 19 20 20 19 22
17 13 17 14 16 14 16 17 11 12 17 19 16 15 16 12 13 22 14 12 20 22 14 13 15 16 22 12 18 15 14 19 9 19 17 13 16 19 16 16 15 15 20 17 21 13 13 11 18 16 11 17 15 20 16 14 18 12 15 12 17 16 13 14
15 17 18 16 20 15 21 17 10 18 14 16 11 17 14 11 13 18 13 11 18 13 16 8 15 17 18 14 16 18 17 14 8 16 11 16 16 17 18 14 14 15 16 18 20 13 15 12 15 18 10 15 14 19 19 13 11 18 16 17 11 15 11 17
15 14 11 12 17 16 17 20 15 12 18 13 15 15 12 11 13 14 9 13 15 16 11 9 17 14 16 12 17 16 12 15 11 11 11 16 12 19 16 13 11 12 14 13 18 15 14 10 16 15 9 16 16 12 14 16 13 15 18 17 10 15 16 16
20 16 20 18 22 18 22 20 12 13 21 14 19 17 16 12 17 16 13 13 19 17 12 12 19 20 20 15 19 15 15 19 12 20 15 16 19 20 23 16 14 12 18 20 21 17 14 12 17 17 10 18 19 20 19 15 21 17 21 19 18 18 17 19
14 18 18 17 19 16 17 16 12 18 15 15 13 17 17 13 15 19 13 14 20 22 18 14 16 18 19 15 21 17 17 15 12 14 18 13 15 18 18 18 13 15 14 15 21 15 18 13 16 18 9 17 15 17 18 13 18 18 17 17 17 18 14 16
18 16 16 19 19 16 20 16 13 17 17 16 14 15 15 9 15 17 13 12 14 18 18 12 17 16 18 17 16 15 17 16 11 14 15 13 15 18 16 14 17 18 16 19 18 14 16 12 15 19 7 19 18 21 18 14 9 14 18 18 18 15 15 21
16 15 22 18 21 15 22 15 13 15 18 15 19 16 18 14 17 19 18 15 21 21 17 12 17 15 20 17 18 16 18 18 15 18 18 12 16 17 16 16 16 18 17 19 19 13 13 10 17 21 8 19 16 18 19 13 18 16 16 15 18 15 16 23
17 15 17 15 19 15 19 15 11 19 13 14 17 13 16 15 17 21 13 10 18 18 16 10 13 18 21 15 17 13 10 18 10 15 13 14 16 18 15 14 13 15 13 17 17 13 13 14 19 17 12 18 15 17 16 15 16 14 18 16 14 16 11 17
19 17 16 12 20 15 19 19 13 17 19 17 15 17 21 14 17 17 13 9 18 19 19 12 17 13 16 17 17 16 13 15 15 15 14 15 19 19 17 17 16 16 12 21 18 15 17 11 18 19 12 18 17 15 17 11 17 19 19 20 17 18 13 16
16 13 19 17 18 15 20 19 13 16 13 13 17 18 16 9 16 17 13 12 16 16 14 10 17 18 19 13 18 18 16 14 9 13 15 17 14 17 19 16 10 14 16 15 19 12 14 11 15 15 7 16 17 17 19 12 15 14 20 16 15 14 13 21
15 14 15 12 21 13 15 16 12 11 19 12 12 17 14 9 11 10 9 15 15 14 15 11 17 15 17 14 15 14 13 15 10 11 9 13 13 16 18 17 13 11 14 16 15 13 17 10 15 18 10 16 14 15 14 9 15 17 15 16 12 15 13 14
16 14 22 17 26 18 25 18 17 19 19 11 19 18 19 12 21 17 15 14 18 15 16 11 18 23 24 18 22 18 17 20 12 17 16 21 15 25 19 17 13 18 18 19 23 17 14 12 16 21 12 20 19 21 21 15 17 17 20 25 15 15 14 20
13 13 16 16 18 13 16 14 13 19 18 12 16 16 11 14 14 20 14 13 16 20 15 13 14 17 20 13 17 13 13 16 9 16 12 13 14 22 14 14 12 14 15 17 17 14 14 11 12 18 10 17 16 14 17 14 16 16 15 17 14 13 12 17
18 15 24 18 21 14 18 13 15 16 17 14 17 17 21 14 20 22 17 14 18 19 18 12 13 14 21 15 22 19 18 19 11 19 18 16 17 18 18 15 13 19 13 17 23 12 13 14 18 19 11 19 16 20 17 13 20 16 17 19 21 18 15 23
8 15 16 16 15 14 18 15 10 15 18 12 14 18 11 11 12 15 14 15 14 19 13 13 14 21 22 16 17 12 10 16 10 15 13 14 16 18 12 13 15 16 18 15 17 11 12 11 11 15 10 17 15 15 16 15 15 14 17 15 14 17 14 16
20 22 23 23 25 18 24 25 22 20 27 20 22 23 21 16 21 23 19 21 27 25 22 20 23 25 26 19 24 21 19 23 16 22 19 20 19 27 22 22 21 21 22 18 28 21 19 18 25 25 13 21 23 24 21 21 23 23 24 26 22 24 21 26
17 16 16 15 21 14 18 14 14 17 18 15 16 16 19 10 18 23 17 11 18 24 17 11 19 19 18 18 20 20 16 18 10 13 16 15 18 18 18 17 13 16 16 19 18 12 17 11 19 20 11 17 19 18 19 10 16 18 17 16 16 14 13 18
