1288 1158 1153 1244 1234 1065 1337 1143 1440 1246 1150 1213 1296 1136 1324 1119 1236 1249 1241 1289 1299 1267 1288 1134 1142 1435 1123 1310 1332 1222 1173 1241 1049 1158 1270 1295 1144 1175 1204 1098 1088 1146 1267 1482 1454 1278 1008 1314 1065 1404 1256 1374 1219 978 1285 1110 1311 985 1103 1312 1056 1059 999 1274
1356 1149 1197 1240 1282 1158 1376 1248 1367 1241 1093 1369 1307 1152 1215 1150 1507 1429 1347 1258 1269 1260 1239 1156 1065 1353 1156 1418 1228 1258 1235 1240 1213 1235 1305 1209 1081 1133 1067 1120 1052 1191 1302 1270 1601 1268 1136 1279 1155 1323 1323 1486 1216 1004 1380 1238 1273 1064 1316 1274 1080 1187 1167 1374
1609 1480 1562 1607 1534 1297 1645 1416 1631 1330 1569 1695 1515 1469 1632 1308 1680 1725 1561 1512 1573 1459 1527 1513 1494 1734 1418 1526 1393 1549 1507 1527 1426 1507 1530 1465 1456 1347 1446 1381 1458 1399 1700 1592 1718 1638 1342 1579 1281 1524 1572 1830 1576 1396 1666 1460 1551 1363 1430 1494 1328 1452 1280 1571
1270 1082 1295 1440 1324 1233 1414 1352 1375 1178 1344 1362 1372 1407 1392 1181 1345 1398 1291 1285 1396 1393 1375 1332 1296 1461 1238 1287 1212 1346 1242 1160 1370 1234 1342 1225 1318 1214 1200 1211 1344 1233 1435 1402 1501 1373 1159 1260 1125 1241 1273 1511 1233 1127 1238 1290 1347 1017 1342 1364 1182 1217 1031 1241
1334 1138 1223 1247 1229 1113 1272 1155 1189 1130 1189 1337 1131 1174 1218 1111 1198 1361 1291 1218 1249 1115 1211 1112 1038 1398 1161 1135 1178 1091 1160 1131 1244 1121 1157 1162 1163 1087 1311 1017 1023 1182 1220 1173 1336 1196 1160 1308 1025 1212 1161 1463 1252 967 1347 1108 1149 1165 1151 1188 1035 1145 1067 1222
1356 1376 1366 1505 1503 1213 1535 1429 1538 1387 1364 1464 1502 1398 1388 1351 1521 1556 1336 1426 1442 1357 1426 1485 1286 1512 1207 1321 1218 1321 1331 1270 1259 1477 1338 1336 1442 1308 1333 1222 1391 1220 1601 1548 1623 1337 1278 1328 1032 1495 1420 1592 1250 1341 1493 1261 1565 1256 1364 1437 1141 1503 1105 1458
1288 1269 1425 1467 1314 1221 1489 1294 1561 1339 1251 1418 1266 1235 1332 1259 1402 1372 1410 1450 1332 1295 1486 1214 1349 1487 1215 1317 1410 1368 1409 1296 1126 1337 1338 1382 1428 1109 1325 1167 1262 1157 1371 1273 1492 1432 1103 1458 1039 1418 1446 1574 1318 1066 1616 1211 1414 1046 1332 1353 1237 1239 1023 1454
1282 1256 1391 1569 1438 1213 1537 1434 1548 1335 1389 1483 1370 1271 1388 1425 1482 1425 1462 1457 1507 1278 1444 1490 1299 1686 1312 1308 1295 1501 1397 1219 1398 1400 1363 1417 1345 1279 1431 1274 1312 1319 1476 1441 1602 1397 1274 1451 1227 1532 1317 1697 1382 1320 1473 1169 1491 1248 1416 1357 1304 1355 1206 1442
1184 1112 1307 1270 1191 1013 1259 1188 1306 1121 1137 1209 1218 1177 1233 1171 1354 1387 1198 1133 1294 1156 1295 1197 1164 1398 1164 1135 1133 1213 1250 1163 1254 1164 1278 1317 1244 975 1205 1084 1223 1125 1257 1188 1471 1183 1039 1295 1083 1218 1200 1441 1192 1102 1379 1091 1236 1009 1227 1257 1152 1235 972 1395
1500 1348 1548 1601 1535 1323 1582 1565 1751 1466 1553 1555 1647 1470 1531 1504 1620 1664 1464 1492 1624 1451 1591 1433 1490 1786 1392 1539 1513 1596 1648 1421 1548 1526 1550 1578 1493 1346 1498 1382 1445 1400 1598 1539 1782 1800 1292 1621 1461 1520 1593 1847 1474 1320 1560 1383 1561 1292 1488 1584 1257 1478 1323 1489
1143 893 1049 1245 1140 978 1268 1073 1239 1008 1055 1113 1110 1182 1101 987 1187 1277 1073 1110 1262 1043 1190 1124 944 1306 994 1044 1054 1204 1098 1118 1024 971 1152 1170 1127 983 1027 1011 1126 1210 1177 1207 1207 1068 937 1054 1016 1075 1054 1277 1049 968 1170 1039 1151 937 1133 1177 938 1160 991 1142
1195 1135 1277 1285 1265 1154 1277 1266 1473 1175 1107 1271 1374 1200 1310 1235 1389 1282 1318 1327 1292 1165 1401 1301 1239 1279 1229 1262 1230 1324 1273 1166 1183 1305 1228 1240 1103 1154 1283 1174 1107 1180 1400 1259 1692 1366 1145 1262 1128 1303 1458 1448 1152 1121 1318 1032 1161 1103 1173 1282 1001 1318 1076 1421
1177 1049 1174 1091 1171 1003 1167 1160 1258 1085 1042 1195 1256 1041 1240 993 1314 1188 1180 1156 1131 991 1039 1211 1039 1374 1188 1174 1004 1111 1129 1035 1135 1142 1164 1075 999 1054 1025 1015 1015 1105 1227 1286 1426 1147 1113 1296 1096 1320 1248 1381 1090 1020 1155 1055 1274 1077 1083 1024 962 1161 987 1243
1108 1009 1143 1148 1323 1017 1266 1118 1485 1148 1034 1089 1146 1087 1043 1104 1227 1306 1140 1227 1175 1127 1239 1282 1142 1239 1044 1270 1116 1332 1134 1122 1042 1232 1224 1184 1145 1256 1156 1040 1031 986 1295 1368 1350 1276 1019 1201 919 1237 1244 1270 1013 1099 1100 1090 1151 965 1024 1279 963 1199 969 1258
1392 1301 1338 1544 1461 1264 1456 1311 1528 1200 1429 1395 1450 1263 1354 1306 1427 1422 1375 1398 1502 1323 1388 1411 1375 1469 1284 1324 1305 1293 1300 1369 1367 1398 1352 1353 1337 1272 1258 1202 1243 1236 1456 1541 1534 1494 1198 1386 1175 1457 1538 1564 1408 1224 1380 1229 1410 1118 1299 1326 1151 1357 1029 1363
1337 1202 1364 1378 1425 1294 1473 1365 1501 1314 1216 1444 1377 1315 1394 1286 1538 1499 1406 1210 1372 1283 1383 1248 1271 1552 1161 1389 1460 1405 1389 1360 1282 1284 1409 1337 1239 1140 1185 1144 1241 1240 1324 1464 1725 1387 1187 1500 1234 1367 1353 1629 1339 1121 1488 1231 1429 1114 1495 1401 1155 1326 1141 1435
1422 1315 1396 1608 1453 1305 1558 1432 1584 1330 1357 1562 1508 1599 1469 1543 1688 1522 1562 1438 1646 1485 1548 1493 1362 1617 1453 1478 1348 1443 1460 1426 1341 1363 1421 1404 1428 1282 1308 1150 1374 1378 1703 1513 1755 1517 1456 1536 1272 1482 1402 1702 1535 1293 1647 1343 1545 1354 1538 1471 1466 1457 1157 1636
1346 1233 1219 1395 1161 1170 1392 1344 1433 1205 1344 1280 1306 1190 1368 1105 1412 1341 1293 1247 1394 1226 1343 1158 1320 1349 1177 1229 1210 1264 1276 1234 1202 1287 1213 1219 1227 1132 1161 1183 1146 1132 1367 1323 1531 1349 1063 1197 1061 1343 1376 1418 1265 1154 1429 1146 1333 856 1173 1228 1044 1131 945 1301
1342 1281 1289 1457 1418 1179 1540 1430 1581 1329 1315 1392 1378 1324 1424 1325 1508 1441 1424 1336 1436 1346 1409 1327 1322 1627 1173 1443 1433 1506 1427 1317 1144 1274 1388 1296 1283 1225 1342 1143 1229 1283 1428 1562 1517 1505 1167 1316 1167 1373 1367 1539 1344 1229 1428 1276 1392 1124 1271 1458 1162 1334 1087 1371
1528 1371 1321 1505 1416 1297 1515 1404 1628 1358 1409 1685 1480 1391 1419 1352 1534 1513 1400 1473 1558 1470 1467 1373 1406 1607 1456 1451 1294 1359 1435 1317 1406 1366 1380 1298 1413 1357 1354 1211 1224 1259 1636 1526 1774 1506 1430 1550 1289 1577 1511 1755 1482 1338 1439 1252 1527 1319 1430 1543 1393 1426 1188 1513
1391 1200 1165 1430 1300 1200 1426 1301 1532 1187 1235 1371 1241 1200 1321 1253 1530 1377 1214 1312 1443 1184 1332 1220 1170 1426 1172 1270 1215 1325 1261 1309 1161 1302 1289 1249 1258 1259 1099 1032 1192 1255 1443 1491 1461 1260 1182 1300 1116 1275 1295 1459 1300 1282 1367 1229 1362 1050 1302 1319 1118 1194 954 1342
1285 1108 1224 1291 1217 1069 1246 1213 1327 1015 1103 1312 1106 1171 1237 1195 1272 1333 1276 1134 1317 1185 1209 1082 1098 1313 1103 1270 1081 1211 1229 1093 1050 1177 1229 1077 1152 1043 1016 1109 981 1069 1242 1203 1420 1170 1081 1245 1079 1275 1217 1427 1212 1155 1376 1050 1290 1033 1239 1179 1052 1214 1063 1196
1357 1131 1321 1462 1422 1188 1333 1280 1474 1088 1313 1379 1332 1309 1399 1190 1427 1541 1375 1218 1438 1318 1324 1314 1315 1596 1168 1289 1289 1342 1448 1314 1364 1275 1378 1317 1390 1172 1197 1230 1281 1330 1386 1450 1585 1382 1109 1556 1214 1445 1375 1584 1394 1245 1455 1215 1413 1180 1303 1359 1172 1469 1120 1297
1226 1166 1338 1357 1202 1173 1313 1214 1383 1164 1106 1196 1306 1190 1284 1243 1454 1302 1218 1213 1314 1107 1234 1228 1250 1404 1130 1053 1144 1242 1195 1190 1260 1297 1448 1192 1181 1160 1145 1171 1092 1143 1325 1314 1541 1183 1057 1342 1122 1332 1252 1450 1209 1024 1344 1168 1292 1001 1155 1228 994 1242 993 1375
1446 1272 1374 1433 1382 1301 1556 1341 1630 1294 1265 1582 1345 1326 1349 1249 1527 1595 1439 1364 1420 1419 1343 1253 1277 1635 1305 1331 1269 1458 1399 1293 1339 1334 1401 1328 1276 1221 1241 1228 1178 1345 1374 1419 1633 1245 1181 1499 1176 1427 1285 1690 1398 1255 1549 1183 1383 1170 1416 1479 1291 1407 1185 1505
1275 1087 1244 1278 1339 1130 1429 1297 1222 1233 1168 1345 1256 1205 1324 1263 1453 1358 1275 1239 1344 1069 1215 1320 1124 1399 1086 1306 1215 1193 1279 1257 1203 1238 1324 1150 1340 1152 1106 1147 1172 1213 1400 1412 1384 1270 1242 1387 1119 1285 1264 1570 1135 1087 1239 1351 1452 1136 1294 1301 1008 1253 1129 1259
1303 1181 1425 1557 1493 1113 1524 1402 1450 1318 1375 1512 1305 1366 1378 1286 1543 1485 1416 1410 1604 1293 1517 1356 1208 1525 1172 1396 1214 1346 1244 1209 1224 1376 1341 1233 1379 1129 1170 1243 1276 1234 1479 1449 1532 1449 1364 1345 1122 1484 1301 1591 1248 1317 1540 1237 1499 1228 1468 1297 1297 1322 1064 1448
1203 1100 1349 1265 1296 1111 1380 1313 1424 1206 1266 1369 1414 1217 1455 1150 1500 1329 1423 1268 1348 1243 1312 1337 1176 1509 1254 1425 1251 1325 1324 1244 1259 1296 1216 1280 1263 1214 1129 1231 1214 1252 1328 1468 1655 1341 1153 1448 1160 1351 1356 1597 1200 1174 1350 1136 1381 1186 1235 1301 1063 1235 1174 1321
1526 1325 1490 1609 1523 1437 1692 1413 1716 1350 1432 1647 1682 1410 1432 1279 1665 1608 1593 1579 1657 1393 1561 1456 1459 1788 1372 1476 1385 1688 1461 1474 1363 1477 1516 1373 1383 1247 1416 1463 1325 1393 1534 1703 1826 1478 1321 1448 1327 1569 1537 1751 1345 1269 1648 1351 1542 1205 1522 1558 1320 1531 1269 1587
1278 1227 1376 1486 1403 1207 1535 1302 1479 1283 1278 1415 1337 1307 1403 1274 1432 1330 1373 1427 1520 1336 1526 1276 1233 1419 1241 1276 1298 1319 1258 1323 1250 1263 1411 1333 1362 1163 1211 1286 1219 1187 1466 1472 1560 1356 1172 1441 1164 1496 1352 1559 1247 1173 1385 1114 1359 1066 1211 1287 1133 1339 1138 1467
1260 1123 1378 1410 1443 1054 1403 1347 1351 1224 1269 1334 1398 1309 1299 1321 1496 1479 1380 1218 1458 1223 1458 1239 1149 1451 1174 1380 1155 1358 1253 1162 1212 1316 1275 1257 1255 1273 1187 1211 1172 1160 1456 1381 1525 1454 1213 1196 1194 1305 1321 1492 1159 1109 1263 1376 1283 1218 1340 1318 1028 1365 1083 1369
1354 1091 1257 1431 1210 1244 1354 1229 1331 1164 1271 1263 1207 1243 1351 1235 1390 1276 1258 1314 1358 1294 1340 1219 1176 1352 1195 1227 1206 1190 1235 1160 1210 1346 1267 1233 1261 1103 1161 1057 1116 1133 1396 1319 1454 1377 1100 1225 1001 1254 1385 1408 1294 1114 1440 1157 1350 964 1179 1247 1109 1206 914 1331
1562 1403 1533 1621 1546 1412 1760 1384 1689 1357 1494 1655 1517 1544 1517 1305 1570 1556 1567 1457 1518 1632 1577 1356 1452 1645 1465 1491 1514 1552 1538 1436 1403 1454 1432 1408 1325 1292 1356 1359 1340 1392 1627 1561 1865 1576 1284 1491 1287 1636 1512 1789 1456 1277 1718 1343 1598 1317 1452 1588 1327 1537 1202 1607
1440 1313 1547 1568 1607 1348 1566 1377 1564 1312 1339 1629 1467 1459 1493 1338 1611 1545 1543 1516 1584 1401 1580 1518 1390 1627 1378 1335 1270 1539 1434 1408 1441 1473 1548 1422 1381 1312 1384 1343 1282 1400 1560 1520 1745 1381 1386 1641 1440 1581 1352 1747 1335 1305 1589 1259 1421 1335 1428 1414 1253 1579 1316 1625
1392 1188 1414 1423 1472 1227 1410 1335 1583 1317 1208 1375 1404 1276 1309 1399 1501 1487 1353 1436 1519 1282 1509 1196 1293 1643 1262 1261 1312 1402 1286 1260 1380 1400 1424 1350 1217 1260 1215 1242 1104 1197 1523 1382 1594 1389 1322 1584 1211 1535 1380 1665 1269 1133 1441 1243 1381 1168 1399 1416 1203 1384 1128 1443
1443 1357 1395 1547 1513 1321 1537 1451 1585 1380 1329 1599 1494 1265 1314 1359 1544 1494 1476 1626 1619 1340 1538 1353 1351 1511 1357 1462 1318 1485 1381 1407 1373 1429 1416 1381 1272 1385 1289 1302 1275 1318 1474 1506 1811 1482 1238 1382 1319 1428 1445 1693 1330 1353 1465 1178 1465 1190 1462 1411 1260 1329 1143 1508
1462 1338 1513 1583 1548 1242 1484 1228 1563 1292 1393 1584 1603 1313 1500 1316 1627 1562 1473 1427 1494 1427 1609 1337 1420 1608 1374 1415 1440 1446 1283 1312 1323 1475 1348 1302 1385 1383 1287 1302 1358 1195 1626 1600 1809 1476 1340 1523 1226 1488 1461 1691 1397 1236 1509 1412 1453 1287 1547 1587 1195 1322 1123 1539
1391 1300 1645 1578 1568 1303 1557 1447 1481 1380 1402 1586 1399 1319 1466 1289 1555 1482 1527 1467 1528 1342 1439 1340 1354 1544 1300 1395 1297 1442 1335 1235 1399 1421 1468 1287 1353 1320 1313 1224 1295 1325 1381 1413 1640 1455 1248 1405 1164 1332 1424 1657 1304 1278 1507 1250 1462 1270 1423 1446 1177 1367 1092 1430
1472 1252 1456 1503 1535 1293 1523 1301 1481 1230 1351 1559 1475 1417 1549 1322 1544 1526 1438 1518 1584 1462 1515 1425 1392 1598 1384 1469 1297 1407 1382 1379 1369 1394 1564 1291 1378 1275 1286 1256 1261 1323 1534 1526 1728 1488 1277 1557 1268 1428 1509 1731 1384 1278 1498 1318 1521 1207 1416 1445 1267 1557 1138 1532
1574 1432 1568 1582 1584 1313 1649 1433 1460 1379 1473 1596 1380 1353 1436 1331 1497 1598 1576 1396 1520 1345 1417 1374 1329 1545 1455 1605 1360 1507 1464 1438 1539 1408 1472 1368 1235 1303 1401 1280 1352 1397 1411 1461 1633 1593 1350 1514 1336 1386 1376 1677 1557 1310 1498 1289 1500 1367 1380 1415 1280 1283 1306 1509
1281 1231 1373 1366 1387 1087 1464 1224 1604 1323 1317 1493 1257 1380 1354 1277 1490 1423 1325 1299 1302 1325 1330 1220 1212 1425 1207 1245 1199 1288 1195 1286 1122 1380 1268 1273 1338 1184 1068 1158 1190 1226 1551 1415 1465 1399 1138 1409 1168 1381 1349 1529 1193 1164 1436 1265 1423 1181 1415 1334 1118 1159 1062 1362
1440 1337 1517 1669 1542 1397 1741 1415 1734 1413 1413 1629 1518 1539 1318 1351 1614 1646 1692 1599 1564 1608 1660 1411 1364 1622 1543 1545 1320 1625 1413 1407 1524 1507 1401 1431 1372 1400 1242 1327 1351 1394 1584 1502 1795 1519 1413 1543 1254 1520 1450 1737 1537 1334 1639 1211 1485 1362 1445 1617 1459 1476 1271 1612
1316 1214 1266 1256 1416 1169 1379 1188 1529 1161 1176 1431 1283 1279 1311 1227 1430 1366 1286 1224 1335 1370 1310 1202 1198 1441 1092 1422 1176 1306 1267 1150 1194 1391 1393 1289 1166 1157 1044 1008 1184 1177 1349 1483 1582 1331 1208 1444 1255 1341 1285 1461 1299 1173 1459 1196 1531 1086 1341 1255 1150 1294 1002 1393
1377 1201 1419 1571 1456 1315 1540 1364 1522 1207 1363 1527 1342 1395 1464 1247 1458 1466 1438 1333 1464 1354 1459 1306 1446 1540 1356 1344 1388 1419 1486 1420 1268 1260 1393 1334 1338 1267 1280 1271 1342 1280 1417 1513 1610 1416 1141 1399 1278 1492 1363 1587 1263 1140 1499 1229 1433 1070 1480 1375 1164 1348 1235 1382
1197 1136 1231 1310 1275 1138 1375 1216 1378 1102 1115 1292 1258 1191 1247 1232 1390 1243 1208 1152 1277 1313 1195 1138 1098 1273 1103 1262 1161 1216 1208 1170 1213 1205 1198 1178 1031 967 1010 1109 1113 1085 1306 1209 1499 1293 1074 1177 1097 1304 1264 1374 1223 1096 1272 1057 1229 1001 1243 1135 1082 1269 1073 1317
1217 1094 1217 1281 1235 1026 1289 1305 1346 1203 1263 1284 1260 1149 1341 1162 1248 1387 1303 1256 1282 1144 1264 1234 1094 1404 1034 1294 1170 1310 1302 1062 1113 1250 1187 1189 1231 1086 1155 1146 1184 1057 1305 1220 1455 1359 982 1268 1036 1274 1340 1484 1158 1085 1247 1141 1259 1068 1132 1269 926 1254 1020 1122
1485 1319 1530 1577 1475 1304 1532 1533 1563 1321 1418 1617 1339 1385 1389 1433 1572 1562 1388 1428 1519 1336 1381 1431 1364 1651 1408 1402 1299 1409 1468 1256 1424 1386 1480 1382 1509 1330 1440 1254 1303 1292 1558 1421 1588 1490 1308 1478 1206 1495 1455 1748 1381 1427 1618 1273 1506 1239 1390 1300 1336 1412 1179 1509
1149 1054 1056 1309 1178 1051 1280 1162 1391 1032 1160 1158 1064 1077 1125 1081 1164 1179 1180 1116 1157 1145 1174 1176 1083 1184 1080 1184 1088 1210 1132 1054 1077 1133 1053 1187 1132 1092 975 985 1061 1096 1261 1226 1281 1182 1046 1227 1028 1257 1209 1286 1134 1111 1167 1048 1212 1020 1088 1063 988 1192 969 1134
1458 1337 1426 1389 1502 1271 1425 1361 1493 1367 1286 1595 1359 1231 1503 1362 1536 1552 1393 1480 1422 1340 1274 1360 1268 1602 1104 1450 1349 1386 1303 1245 1315 1365 1460 1467 1405 1222 1370 1210 1260 1384 1484 1440 1560 1489 1281 1460 1235 1432 1419 1645 1246 1354 1518 1371 1474 1227 1417 1290 1205 1372 1130 1422
1289 1208 1369 1346 1304 1238 1394 1241 1454 1208 1153 1466 1197 1161 1301 1246 1386 1380 1324 1316 1268 1408 1276 1233 1249 1189 1069 1350 1332 1340 1330 1177 1275 1403 1344 1246 1200 1182 1162 1094 1152 1165 1429 1229 1496 1330 1188 1239 990 1233 1353 1463 1276 1157 1400 1229 1254 1054 1139 1354 1146 1233 1009 1335
1240 1129 1247 1350 1331 1185 1445 1360 1417 1357 1354 1300 1233 1294 1192 1291 1427 1331 1325 1307 1436 1339 1253 1308 1126 1432 1137 1334 1191 1348 1269 1121 1285 1362 1427 1212 1237 1185 1139 1094 1159 1178 1307 1384 1431 1367 1173 1382 1052 1222 1139 1534 1288 1162 1383 1069 1424 1086 1118 1298 1074 1209 1124 1300
1348 1190 1267 1456 1355 1260 1452 1253 1584 1250 1317 1410 1297 1174 1445 1146 1429 1370 1409 1403 1474 1383 1368 1213 1283 1509 1148 1373 1274 1363 1358 1314 1209 1329 1350 1401 1254 1172 1244 1219 1227 1240 1369 1471 1613 1411 1109 1476 1117 1462 1405 1534 1361 1130 1360 1143 1385 1067 1275 1362 1184 1351 1149 1335
1378 1236 1349 1486 1365 1322 1517 1365 1421 1218 1266 1410 1274 1352 1313 1261 1639 1408 1369 1280 1460 1331 1333 1258 1187 1413 1241 1357 1271 1288 1438 1303 1272 1359 1379 1285 1266 1115 1219 1243 1238 1255 1424 1417 1668 1442 1242 1384 1155 1426 1301 1615 1428 1219 1432 1233 1394 1138 1229 1375 1225 1382 1114 1527
1114 1087 1236 1140 1309 1077 1293 1218 1444 1133 1098 1286 1342 1222 1333 1142 1341 1206 1208 1304 1310 1235 1357 1301 1106 1410 1197 1224 1208 1210 1256 1206 1068 1161 1265 1277 1166 1171 1155 1156 1151 1150 1402 1461 1619 1228 1071 1316 1154 1466 1372 1526 1060 1117 1324 1070 1356 1109 1236 1168 1077 1316 1120 1413
1122 1119 1204 1272 1276 953 1265 1177 1343 1128 1092 1277 1261 1149 1157 1110 1191 1199 1281 1331 1301 1011 1279 1178 1060 1346 956 1277 1075 1275 1066 1044 1020 1202 1118 1099 1156 1006 1161 1031 1144 1013 1315 1246 1397 1302 1107 1224 992 1324 1138 1400 1088 1068 1279 1125 1252 1108 1185 1229 1077 1079 946 1151
1277 1194 1371 1365 1282 1023 1424 1332 1409 1198 1342 1325 1284 1177 1357 1052 1333 1417 1391 1182 1344 1210 1316 1162 1227 1442 1306 1292 1206 1428 1376 1187 1277 1186 1315 1234 1094 1212 1150 1190 1189 1231 1352 1201 1491 1295 1138 1290 1134 1388 1232 1519 1222 1096 1401 1142 1328 1097 1177 1284 1101 1195 1024 1264
1314 1048 1155 1386 1231 1149 1263 1108 1390 1130 1252 1332 1200 1093 1250 1081 1389 1341 1233 1279 1434 1129 1278 1192 1219 1341 1127 1150 1067 1206 1162 1219 1260 1312 1266 1168 1213 1228 1102 1100 1062 1172 1394 1308 1441 1316 1139 1368 970 1335 1239 1424 1272 1100 1257 1133 1212 1009 1152 1176 1062 1282 957 1282
1366 1204 1309 1523 1321 1139 1468 1433 1461 1209 1342 1415 1385 1276 1503 1241 1378 1382 1381 1363 1599 1231 1407 1313 1304 1554 1231 1274 1245 1396 1414 1427 1306 1233 1338 1281 1253 1322 1299 1298 1108 1398 1396 1443 1553 1395 1146 1326 1272 1350 1343 1590 1325 1258 1349 1103 1339 1084 1186 1294 1166 1269 1093 1278
1480 1437 1505 1522 1412 1377 1586 1447 1694 1413 1430 1682 1425 1359 1478 1366 1617 1576 1500 1501 1446 1360 1433 1388 1446 1523 1306 1330 1303 1434 1348 1398 1380 1475 1294 1397 1407 1419 1332 1232 1256 1281 1609 1554 1813 1547 1221 1439 1203 1477 1417 1686 1411 1337 1501 1300 1446 1300 1404 1428 1242 1349 1220 1500
1162 1015 1177 1156 1107 1000 1192 1144 1291 1058 1148 1305 1038 1163 1264 1082 1349 1240 1190 964 1127 1151 1109 973 920 1330 1032 1215 1036 1061 1174 1024 1124 1073 1037 1117 1058 1026 1068 954 1074 1062 1213 1173 1462 1263 1010 1270 900 1145 1087 1349 1173 909 1172 1111 1139 1101 1089 1047 977 1140 1008 1202
1424 1400 1411 1522 1547 1289 1494 1347 1564 1341 1395 1449 1562 1401 1444 1333 1585 1549 1471 1467 1511 1314 1483 1412 1354 1638 1329 1450 1320 1401 1303 1380 1412 1450 1504 1378 1362 1345 1390 1290 1396 1281 1602 1559 1740 1557 1286 1551 1255 1597 1470 1620 1450 1277 1586 1288 1510 1278 1404 1306 1156 1397 1233 1522
1528 1222 1336 1510 1439 1313 1571 1408 1559 1296 1381 1492 1336 1442 1391 1546 1534 1666 1420 1368 1621 1348 1513 1370 1322 1566 1206 1429 1413 1401 1417 1298 1358 1468 1477 1542 1365 1291 1264 1208 1282 1314 1575 1553 1723 1575 1199 1453 1384 1500 1463 1706 1402 1208 1557 1359 1525 1241 1459 1425 1142 1502 1233 1472
1341 1219 1454 1434 1460 1301 1455 1282 1417 1298 1282 1475 1372 1299 1487 1353 1508 1521 1497 1378 1419 1425 1398 1338 1327 1466 1272 1526 1398 1479 1420 1271 1295 1395 1407 1454 1333 1207 1407 1290 1204 1258 1522 1431 1615 1571 1206 1527 1253 1506 1454 1609 1361 1208 1400 1326 1283 1194 1211 1351 1178 1388 1210 1507
1386 1152 1381 1370 1391 1186 1494 1339 1282 1150 1285 1418 1308 1227 1376 1311 1642 1459 1371 1360 1472 1155 1282 1430 1241 1427 1210 1274 1260 1222 1266 1360 1301 1260 1277 1253 1326 1221 1210 1183 1281 1276 1516 1426 1503 1362 1191 1249 1118 1233 1403 1591 1304 1208 1374 1378 1349 1165 1308 1259 1175 1251 1061 1393
