12 68 0 0 42 0 0 0 0 48 0 0 21 20 0 0 0 0 0 7 0 0 30 21 56 0 56 42 14 0 0 0 0 42 42 0 0 43 0 0 0 0 0 0 0 0 0 42 0 0 0 36 14 0 36 0 0 0 0 0 0 0 0 0
0 16 0 72 80 0 0 0 0 0 0 24 0 0 16 0 40 0 0 8 21 0 0 24 0 0 64 0 16 0 0 16 32 0 0 0 27 0 34 72 16 0 0 0 0 0 53 0 63 0 0 18 0 0 0 0 0 0 0 0 0 63 24 0
23 21 12 77 0 32 45 21 28 0 1 0 0 50 0 0 0 40 0 24 0 0 5 0 0 25 0 0 28 14 12 54 45 0 18 24 0 36 65 0 0 0 75 2 6 18 0 40 32 0 6 0 6 2 36 10 0 5 53 9 56 0 0 0
0 0 0 0 0 0 1 0 0 0 15 0 0 56 0 0 0 0 0 0 2 12 0 5 0 4 0 0 0 0 0 4 0 64 0 32 0 5 0 0 0 0 10 0 48 1 0 0 0 9 0 0 8 5 0 0 1 0 0 0 24 6 0 76
1 0 0 72 8 20 0 43 63 0 0 0 33 62 2 0 0 55 10 27 25 0 45 2 0 60 10 34 63 27 5 0 63 0 0 0 27 0 126 2 5 0 0 0 0 40 21 16 36 0 0 18 7 30 25 0 0 0 49 0 56 0 24 2
0 0 0 0 15 0 5 9 0 30 35 0 20 0 0 0 0 0 6 0 10 52 15 42 0 45 8 0 0 28 0 47 153 0 15 24 0 49 81 12 0 0 45 0 0 0 0 0 0 15 15 0 14 49 62 0 0 0 63 93 72 0 0 0
0 0 0 0 0 0 0 0 21 0 0 0 0 0 0 0 0 56 0 0 56 0 7 0 0 35 0 0 0 0 0 0 0 0 0 0 0 21 0 56 0 0 0 0 0 0 0 0 0 0 0 0 0 0 0 0 0 0 0 0 0 0 0 0
8 0 12 0 0 14 0 0 0 0 10 0 14 62 0 0 0 0 0 0 0 0 0 0 0 0 0 0 0 0 0 0 0 64 0 36 12 0 0 0 16 0 0 2 54 0 0 0 16 0 0 0 0 6 0 4 0 0 0 0 36 0 0 72
18 27 12 9 4 68 0 0 0 33 0 3 41 6 42 0 5 4 0 21 0 0 15 8 24 0 0 21 0 0 20 2 58 29 30 24 0 0 2 17 2 0 64 2 6 0 4 21 16 0 0 18 0 2 0 4 0 0 0 0 0 12 0 8
0 0 0 0 0 0 0 0 0 0 0 0 25 0 0 0 0 0 0 0 0 0 0 0 0 0 10 0 0 0 0 0 0 0 0 0 0 0 40 30 0 0 0 35 0 0 0 0 0 0 0 0 0 30 25 0 0 0 0 0 0 0 0 0
12 0 36 18 0 0 18 0 0 45 0 8 48 7 28 0 20 10 41 20 0 18 14 12 36 4 0 0 0 0 46 39 0 8 30 52 0 0 48 54 0 0 36 70 38 30 0 16 0 0 29 0 42 12 63 18 0 22 30 46 3 0 0 21
14 79 0 0 73 0 0 0 0 78 5 0 0 0 35 0 0 0 40 8 0 0 45 24 30 0 64 47 16 10 21 0 0 42 35 45 0 0 0 0 0 1 45 35 0 40 0 42 15 0 15 61 6 0 0 0 0 0 0 65 0 40 0 4
2 9 0 0 25 0 0 0 54 8 20 16 52 0 27 9 0 0 0 95 8 0 30 26 64 0 0 7 0 6 27 67 0 7 130 128 24 16 0 20 32 0 0 0 0 48 0 7 0 0 8 6 70 71 0 0 0 0 48 16 48 0 0 0
0 45 0 30 0 0 0 34 15 0 27 0 21 20 56 0 0 21 12 78 0 6 3 0 0 0 0 0 0 6 0 36 59 54 78 142 26 42 0 0 51 32 21 0 0 48 0 0 0 0 65 0 3 6 18 0 32 24 48 27 18 0 30 0
2 54 0 0 48 0 0 0 45 0 42 24 16 96 51 0 12 2 0 93 30 0 0 36 0 0 0 63 0 6 10 18 24 0 72 126 0 8 0 4 0 0 12 0 0 36 0 72 27 9 21 0 3 0 0 0 24 0 84 64 36 27 45 4
0 72 24 0 4 0 0 0 42 0 0 8 3 16 105 7 20 4 0 113 0 0 0 0 44 6 0 0 16 0 21 18 16 0 61 8 0 1 0 4 0 0 0 64 32 0 6 0 0 0 16 0 96 57 0 12 32 24 0 20 0 0 48 0
0 0 0 72 32 56 0 0 0 0 0 30 0 0 37 0 55 3 0 0 0 0 0 56 27 3 0 0 0 0 0 16 32 0 0 6 0 0 16 72 16 7 0 0 24 0 32 0 0 0 0 35 83 0 0 0 0 15 0 0 0 0 0 0
60 10 6 27 69 79 36 20 0 0 0 9 0 3 22 0 15 0 0 5 0 0 0 15 0 0 40 0 10 0 0 6 28 27 0 40 10 0 6 27 30 40 0 1 3 81 12 0 116 0 0 0 0 1 0 2 0 0 0 0 0 54 0 0
8 36 0 0 0 0 0 0 0 32 0 0 0 0 45 0 0 2 0 0 0 16 20 0 0 0 0 28 0 18 0 0 0 41 0 0 0 0 0 10 0 0 78 0 0 0 8 28 14 0 0 24 0 0 0 0 0 0 0 0 2 0 0 0
0 10 0 20 40 0 0 12 51 0 34 0 0 70 0 0 0 0 8 68 0 4 0 23 0 0 40 8 10 0 0 16 20 36 0 0 0 70 0 0 63 0 74 0 0 0 0 0 18 0 32 0 0 0 54 49 0 16 40 40 0 18 7 0
0 0 0 18 45 0 0 0 16 0 2 26 0 38 83 0 10 0 0 0 24 0 0 19 0 0 0 53 0 4 0 12 8 0 0 20 0 18 4 18 4 0 32 63 0 0 8 56 0 0 6 0 2 0 18 0 0 9 0 18 30 0 0 0
8 63 6 0 23 55 24 0 0 6 0 0 0 13 0 0 0 0 56 40 0 0 21 0 6 0 0 1 0 0 30 0 0 18 37 0 0 0 0 0 0 2 63 50 3 62 0 0 47 0 0 5 2 1 0 2 20 0 0 28 0 8 30 8
0 8 0 0 24 6 4 2 24 0 70 0 0 72 58 8 0 14 0 63 12 32 0 63 18 10 0 14 0 27 28 4 58 0 0 0 0 66 74 0 63 0 94 14 0 0 0 79 0 12 0 0 2 30 0 49 0 49 78 136 30 0 7 0
4 12 0 0 36 0 9 0 18 5 72 0 32 0 0 0 0 46 33 18 18 74 18 26 0 0 48 0 12 0 36 9 54 0 0 0 0 45 0 8 54 0 159 28 0 0 0 0 0 27 0 0 0 45 7 0 24 0 0 16 0 0 0 8
0 0 0 0 0 0 0 0 0 0 0 0 0 0 0 0 0 0 40 0 0 0 15 0 0 0 0 0 0 0 20 0 0 0 0 0 0 0 0 0 0 0 45 35 0 0 0 0 0 0 0 0 0 0 0 0 0 0 0 20 0 0 0 0
22 0 30 0 0 35 0 0 0 0 0 46 9 15 63 0 51 23 6 0 8 0 0 12 105 9 0 0 0 0 0 0 0 0 18 52 14 3 0 6 0 0 10 5 87 0 0 0 40 0 0 0 87 5 0 10 0 45 0 0 24 0 0 0
0 0 0 0 0 54 0 0 3 0 23 6 28 0 21 0 15 10 0 2 0 0 1 0 27 3 0 0 0 0 0 0 63 0 30 38 24 0 0 0 41 0 7 0 24 0 0 0 0 0 0 0 27 8 0 0 4 15 0 0 24 0 0 0
23 72 0 0 10 0 5 0 15 82 50 0 74 40 0 0 0 7 56 42 10 40 61 14 48 0 0 56 0 0 63 5 20 56 0 0 0 25 0 14 0 0 118 49 0 0 0 56 0 15 0 48 0 25 0 0 0 0 40 68 0 24 0 14
0 0 0 0 0 36 0 0 0 44 4 18 0 0 63 0 45 9 8 0 0 52 0 0 81 9 0 0 0 0 16 0 0 0 0 18 24 8 0 0 0 0 0 0 72 4 0 0 20 0 0 0 83 12 56 0 0 57 20 0 0 0 0 0
0 0 6 63 35 0 0 0 0 0 0 21 0 0 70 0 35 0 0 36 0 0 0 0 0 3 0 0 24 0 0 42 52 0 54 72 0 0 14 64 14 0 0 49 0 54 37 0 0 0 13 0 1 2 0 3 0 7 54 5 0 0 0 0
0 0 0 0 24 63 0 0 12 7 16 0 0 48 4 0 0 0 0 0 8 63 0 0 0 0 0 28 0 0 28 0 16 0 0 0 42 14 0 0 0 0 8 0 0 0 0 32 35 0 0 0 0 21 0 0 0 21 67 32 0 0 0 0
0 0 0 0 20 88 0 0 0 24 27 0 0 20 32 0 0 4 0 0 0 12 0 31 24 12 0 4 0 0 0 9 72 0 68 32 0 36 0 0 0 2 15 48 0 35 0 0 12 18 0 30 56 0 36 0 3 0 0 0 4 50 0 12
4 18 0 10 0 0 0 14 2 0 0 0 0 0 0 0 0 0 4 0 0 2 0 0 0 40 0 0 0 0 2 0 72 18 0 0 0 8 72 0 0 2 0 0 0 0 0 0 0 0 16 0 10 0 0 0 0 8 56 0 64 0 0 8
20 0 30 81 36 89 0 0 0 0 0 27 0 50 32 0 45 0 0 0 0 0 0 0 0 0 0 0 0 0 0 18 90 40 30 62 0 0 18 81 18 0 0 5 45 0 36 0 40 0 0 0 0 5 0 10 0 0 0 0 15 0 0 45
0 12 0 0 0 9 0 0 0 0 0 0 35 0 0 12 0 0 48 8 49 0 18 0 27 0 14 0 8 0 24 0 12 36 0 0 63 15 42 24 0 0 54 63 16 0 49 0 0 28 0 42 20 57 35 0 0 0 0 60 0 0 56 0
24 0 36 0 0 78 0 0 38 0 18 12 0 38 77 0 38 6 18 14 0 0 81 5 54 51 0 41 0 0 0 10 0 0 0 57 0 36 0 0 9 0 40 6 66 78 0 0 48 6 10 0 59 6 36 12 0 30 0 0 0 0 6 0
6 45 0 18 0 0 18 0 0 0 16 0 27 59 0 0 0 8 0 40 0 0 2 0 72 0 0 0 0 0 0 18 0 56 84 28 0 9 0 0 0 0 24 0 42 16 0 16 0 0 0 0 26 0 0 0 20 2 0 0 29 0 30 63
5 0 0 5 9 0 0 3 1 15 0 0 40 0 72 0 0 5 5 16 0 7 0 10 0 0 0 0 16 0 25 0 0 81 0 0 0 4 0 58 0 0 0 63 32 0 0 0 54 56 8 0 40 0 21 0 0 13 0 72 0 54 0 10
0 54 0 0 0 0 3 0 6 5 36 0 0 12 0 0 0 16 1 141 22 26 2 0 0 10 0 0 0 0 0 12 0 0 54 24 0 21 64 64 81 0 27 56 0 18 0 0 0 9 3 0 0 15 7 63 24 0 18 0 0 0 45 0
12 90 0 18 0 0 18 0 0 0 0 12 0 14 42 0 30 6 0 56 0 56 2 0 54 6 0 0 0 63 3 18 0 14 42 12 0 0 0 35 0 3 0 0 48 0 28 16 49 0 0 0 57 0 0 0 28 32 0 0 0 0 42 12
24 28 0 72 58 96 72 0 59 0 27 28 28 0 86 0 0 111 0 18 62 0 23 21 0 30 0 0 0 0 16 72 153 0 40 141 0 18 0 104 81 0 99 14 0 0 0 64 0 0 0 0 7 0 0 8 36 10 0 0 42 0 0 0
42 24 24 8 65 18 0 4 17 0 4 0 76 6 35 24 0 13 0 3 0 0 25 14 54 0 0 0 7 11 35 29 34 0 25 65 0 30 5 78 15 0 0 72 0 0 0 0 4 0 28 0 23 38 0 12 0 0 0 56 0 0 0 14
0 4 0 0 28 0 0 4 4 0 9 0 8 0 2 0 0 0 0 2 14 4 0 11 0 30 16 0 52 0 0 3 84 0 0 0 18 0 48 16 0 0 1 0 0 1 32 0 0 6 0 12 14 0 0 0 1 0 28 0 32 6 16 4
0 0 0 45 35 0 0 27 15 0 0 0 0 20 0 25 0 16 18 0 21 9 2 0 0 10 15 0 0 0 0 0 0 81 0 0 0 78 0 16 35 0 0 0 0 0 0 0 0 0 72 0 0 0 66 0 5 36 0 0 0 0 45 0
56 0 0 72 64 0 1 2 18 24 30 24 0 83 67 0 40 0 0 0 16 8 0 0 24 10 0 4 0 0 0 17 90 0 28 85 18 68 46 72 40 0 21 0 0 32 46 0 12 3 0 32 2 5 63 0 0 0 62 48 16 32 16 0
2 9 0 0 40 0 0 37 10 27 6 0 32 36 5 0 0 0 3 28 0 6 0 0 32 5 0 0 0 0 1 0 9 24 0 12 18 27 65 82 0 73 0 49 18 6 0 0 0 0 0 0 10 0 48 0 0 0 7 0 17 16 0 31
0 0 0 40 0 0 3 20 67 0 18 0 0 30 12 4 0 46 0 59 6 24 0 2 0 0 0 2 51 15 12 27 32 72 4 0 0 15 25 48 0 0 91 0 32 0 0 0 20 65 0 0 64 43 0 0 0 0 0 72 16 0 0 0
0 0 0 0 4 72 0 0 113 8 54 0 0 4 29 0 36 0 0 63 2 72 0 8 0 0 0 15 0 0 32 16 0 0 0 0 48 16 0 0 0 0 64 42 0 0 0 8 40 27 45 0 23 24 0 0 0 24 40 0 0 0 27 0
0 0 0 0 0 0 0 0 45 0 30 0 0 0 0 0 20 0 0 35 0 0 0 0 0 0 0 0 0 0 0 0 0 0 0 0 0 0 0 0 0 0 0 0 0 0 0 0 0 15 25 0 5 0 0 0 0 0 0 0 0 0 15 0
0 0 0 0 24 8 0 4 6 0 18 0 12 0 3 0 0 0 0 0 0 8 0 18 0 8 0 0 0 0 0 6 0 0 0 0 2 0 0 24 0 9 2 0 0 2 0 0 81 12 0 5 27 0 0 0 2 0 0 0 0 93 0 8
0 42 0 0 21 36 0 0 9 23 12 0 0 24 0 0 0 0 49 0 0 2 18 0 18 8 0 3 64 0 48 0 76 0 21 0 0 0 0 0 0 0 114 42 0 24 24 0 9 0 0 15 0 0 7 12 0 0 24 48 0 24 0 0
0 27 0 0 47 0 0 0 27 0 18 24 0 14 24 30 0 64 0 24 82 8 8 18 0 40 18 0 0 9 0 0 4 2 18 24 0 24 0 69 42 0 2 21 0 14 4 0 7 0 0 0 7 0 36 0 18 3 8 8 36 0 72 0
0 0 0 0 0 0 0 0 0 0 10 0 40 0 35 0 0 0 0 0 0 0 0 0 0 0 16 0 0 0 0 0 0 0 0 45 0 0 0 0 0 0 0 0 0 10 0 0 0 0 0 0 5 48 40 0 0 0 0 0 0 0 0 0
0 0 0 0 20 0 0 0 0 24 0 36 0 0 0 0 0 0 0 0 18 0 0 27 24 0 0 4 0 0 0 0 0 0 28 36 0 0 24 18 0 0 0 21 0 32 0 0 12 0 0 20 0 0 0 0 0 0 0 0 54 32 0 0
0 0 0 0 40 0 0 0 10 45 0 0 65 0 5 0 0 16 9 0 0 18 0 0 0 0 18 0 0 0 0 0 0 0 0 0 0 0 0 40 0 0 48 0 0 0 0 0 0 0 0 0 5 54 108 0 0 0 0 0 16 0 0 0
6 0 0 0 25 0 2 0 0 30 26 0 48 0 0 0 0 6 0 20 4 16 0 12 30 0 0 5 0 0 30 17 0 0 65 40 0 10 0 12 0 0 18 0 0 84 0 0 15 6 5 25 7 10 0 0 0 0 30 0 0 40 0 12
2 14 0 72 64 75 0 0 8 7 0 36 16 0 20 0 46 14 6 0 0 63 0 0 0 6 0 0 48 0 36 16 80 0 0 18 56 14 16 110 16 0 28 0 0 0 50 0 35 0 0 0 4 21 0 4 0 21 35 0 0 0 0 0
9 24 0 15 0 18 0 9 11 0 15 0 93 0 15 24 0 9 6 0 0 3 0 20 54 0 0 2 0 0 45 4 24 30 0 6 18 42 48 54 24 0 40 84 0 0 0 0 0 0 24 0 0 36 0 0 0 12 0 0 18 0 0 18
8 45 12 0 0 36 0 0 0 0 16 28 0 61 0 0 0 0 2 44 14 40 9 21 0 5 0 4 0 45 0 3 18 10 46 44 0 81 0 25 1 0 0 2 6 30 20 0 132 0 1 0 8 2 81 4 20 0 6 0 42 81 30 0
8 18 0 0 28 88 0 0 3 0 3 56 0 28 42 0 12 35 24 22 30 0 55 88 0 30 0 73 0 0 2 15 9 0 30 153 28 0 24 30 15 10 27 21 0 78 0 56 0 0 5 40 66 0 0 0 4 0 30 0 48 0 0 8
6 0 0 0 10 54 0 0 15 0 82 36 0 82 0 0 18 42 74 36 0 24 21 72 0 24 0 0 0 18 28 18 74 48 30 102 42 24 0 18 36 0 109 49 36 6 0 0 0 36 0 0 48 0 0 28 6 0 40 116 18 36 4 78
33 81 0 69 4 0 45 12 39 0 20 0 0 34 42 0 12 50 0 63 32 0 9 0 18 29 6 0 93 9 9 45 80 0 0 54 12 12 15 74 54 9 4 0 30 0 27 40 12 0 0 0 9 0 0 42 0 5 16 16 0 0 6 36
2 0 0 40 16 0 3 20 66 0 94 12 8 30 18 0 18 44 6 36 6 48 0 93 0 24 0 0 35 42 8 21 0 0 0 18 14 51 41 22 0 0 43 0 0 10 0 18 20 54 15 0 55 15 0 0 6 14 0 72 0 36 9 24
0 0 0 54 20 0 0 30 27 0 0 24 0 18 0 0 0 18 12 9 12 6 20 53 0 0 0 0 21 24 0 20 0 54 20 56 0 44 15 16 0 0 0 0 0 0 0 0 12 0 48 0 0 0 0 0 0 24 0 40 36 0 0 0
