1189 1318 1431 1372 1423 1333 1168 1234 1248 1053 1108 1075 1329 977 1196 1270 1328 1208 1071 1216 1319 1322 1216 1276 1190 1149 1081 1323 1253 1163 1159 1160 1246 1137 1158 1317 1122 1043 1137 1212 1246 1051 1201 1023 1430 1313 1086 1170 1164 1020 1186 1208 1047 1223 1138 1187 1213 976 1426 1216 1190 1046 1246 1295
1412 1430 1483 1794 1675 1628 1380 1378 1524 1374 1450 1201 1571 1299 1469 1508 1565 1579 1333 1465 1531 1471 1280 1409 1226 1219 1258 1450 1500 1252 1365 1477 1402 1253 1437 1399 1440 1250 1284 1462 1481 1233 1248 1029 1593 1483 1160 1511 1274 1383 1231 1457 1120 1514 1444 1291 1589 1254 1597 1556 1429 1188 1310 1565
1231 1286 1398 1593 1478 1373 1051 1262 1407 1323 1307 1234 1276 1247 1358 1180 1556 1287 1139 1274 1264 1389 1227 1240 1262 1011 1196 1279 1270 1161 1274 1186 1138 1101 1248 1242 1408 975 1293 1273 1315 1163 1142 1060 1406 1293 1151 1207 1183 1223 1193 1126 1083 1229 1244 1370 1291 1096 1398 1210 1261 1181 1281 1501
1145 1188 1461 1419 1353 1437 1154 1323 1236 1200 1205 1059 1278 1064 1352 1298 1410 1232 1124 1339 1307 1401 1020 1086 1051 1096 1156 1201 1363 1088 1111 1169 1188 1082 1159 1233 1365 1108 1211 1253 1372 1171 1018 941 1475 1336 1112 1122 1154 1259 993 1229 926 1191 1186 1297 1318 1082 1230 1216 1251 1071 1127 1266
1254 1325 1484 1583 1552 1412 1184 1256 1368 1298 1404 1217 1395 1215 1401 1330 1443 1469 1128 1362 1515 1451 1193 1265 1200 1142 1218 1419 1413 1201 1136 1375 1395 1265 1323 1478 1336 1080 1223 1282 1311 1268 1131 1047 1540 1375 1217 1379 1219 1384 1274 1273 1019 1357 1290 1381 1332 1222 1438 1395 1249 1188 1156 1461
1295 1201 1350 1495 1403 1450 1141 1253 1405 1203 1178 905 1387 1124 1267 1293 1266 1114 1106 1318 1355 1363 1081 1355 986 981 995 1205 1191 1146 1206 1188 1193 1070 1277 1234 1199 1135 1193 1185 1313 1165 1124 1021 1292 1153 1141 1215 1127 1227 1099 1216 1014 1301 1149 1216 1338 1005 1359 1219 1258 1144 1190 1302
1078 1153 1254 1262 1326 1385 1081 1040 1281 1041 986 1105 1155 1030 1222 1158 1263 1072 1068 1057 1337 1245 1097 1086 1118 953 1042 1154 1237 1161 1111 1109 988 1078 1108 1146 1146 983 1093 1048 1082 1071 1087 836 1325 1202 985 1076 1041 1097 989 1043 848 1061 1044 1200 1134 882 1327 1075 1165 963 1105 1235
1273 1238 1318 1548 1346 1352 1054 1068 1314 1111 1156 1057 1359 1132 1294 1271 1247 1205 1070 1280 1331 1386 1111 1307 1142 1087 984 1346 1334 1217 1148 1116 1162 1114 1143 1263 1170 1077 1165 1186 1162 1061 1174 917 1359 1354 1227 1210 1110 1144 1099 1206 1127 1218 1049 1238 1216 1117 1412 1171 1217 1105 1175 1236
1635 1541 1727 1842 1792 1775 1489 1545 1682 1521 1479 1436 1626 1428 1595 1756 1699 1601 1261 1541 1726 1766 1387 1614 1362 1412 1307 1560 1618 1342 1392 1536 1419 1412 1523 1682 1530 1312 1649 1553 1602 1398 1328 1240 1816 1610 1475 1587 1512 1516 1466 1486 1172 1531 1455 1474 1667 1395 1712 1576 1691 1479 1455 1532
1321 1296 1531 1623 1567 1569 1360 1230 1525 1237 1215 1245 1386 1239 1380 1437 1506 1330 1234 1280 1540 1504 1323 1427 1193 1174 1246 1361 1461 1203 1311 1389 1335 1188 1287 1398 1350 1162 1298 1204 1338 1170 1397 993 1552 1320 1405 1281 1288 1229 1211 1300 967 1473 1359 1245 1381 1116 1574 1366 1373 1141 1320 1411
1385 1244 1471 1674 1537 1613 1294 1391 1453 1282 1328 1266 1473 1275 1350 1429 1636 1391 1097 1356 1552 1468 1315 1428 1298 1329 1274 1323 1385 1183 1363 1381 1284 1300 1424 1419 1242 1142 1316 1307 1459 1349 1242 1075 1527 1370 1232 1337 1253 1342 1311 1263 1113 1391 1408 1296 1387 1206 1569 1474 1255 1238 1420 1376
1171 1279 1399 1499 1277 1484 1122 1087 1304 1169 1076 1117 1364 1080 1387 1240 1390 1145 1093 1299 1311 1481 1157 1214 1184 1108 967 1253 1414 1087 1080 1255 1174 1030 1045 1197 1287 1085 1279 1163 1279 1136 1117 848 1487 1355 1222 1202 1253 1243 1000 1214 982 1227 1218 1143 1345 1027 1413 1114 1320 1129 1054 1301
1354 1372 1575 1635 1394 1498 1179 1358 1328 1314 1194 1124 1454 1149 1368 1407 1496 1330 1271 1176 1342 1526 1230 1376 1223 1101 1055 1338 1407 1059 1300 1278 1247 1142 1342 1372 1282 1183 1425 1300 1333 1197 1115 902 1506 1442 1274 1303 1223 1237 1190 1228 939 1180 1080 1386 1446 1172 1369 1336 1359 1158 1247 1330
1429 1310 1514 1558 1499 1574 1183 1368 1293 1219 1242 1258 1488 1151 1369 1294 1520 1328 1110 1316 1453 1524 1274 1349 1224 1143 1131 1389 1405 1117 1318 1324 1368 1274 1304 1394 1329 1144 1296 1293 1330 1183 1208 1004 1552 1358 1225 1329 1188 1210 1276 1156 1035 1254 1225 1343 1338 1184 1469 1268 1336 1194 1254 1481
1246 1193 1477 1422 1484 1581 1167 1384 1237 1122 1107 1058 1434 1169 1449 1373 1481 1254 1236 1098 1295 1378 1234 1392 1288 1157 1113 1341 1343 1212 1374 1331 1181 1162 1287 1172 1315 1161 1237 1308 1329 1232 1255 913 1371 1394 1201 1281 1158 1122 1234 1203 1103 1280 1121 1283 1260 995 1382 1152 1365 1135 1337 1305
1142 1178 1239 1477 1393 1380 1137 1113 1244 1120 1087 1159 1285 1080 1420 1265 1446 1160 1129 1161 1190 1374 1163 1273 1179 1081 1145 1233 1222 1127 1156 1199 1029 1110 1162 1292 1235 947 1204 1300 1175 1165 1119 809 1301 1293 1105 1183 1123 1199 1069 1160 990 1360 1173 1059 1195 1007 1431 1141 1222 1016 1057 1330
1375 1413 1577 1789 1562 1489 1272 1148 1543 1322 1328 1263 1420 1292 1488 1521 1564 1484 1194 1312 1582 1473 1386 1354 1267 1119 1281 1583 1502 1273 1294 1371 1307 1220 1345 1428 1495 1182 1373 1258 1417 1273 1329 1152 1635 1456 1233 1474 1286 1351 1183 1365 1207 1370 1370 1439 1480 1206 1551 1422 1500 1277 1417 1410
1314 1238 1313 1588 1408 1512 1205 1205 1301 1222 1123 1298 1380 1251 1231 1381 1426 1210 1217 1195 1400 1376 1197 1337 1110 1102 1113 1303 1309 1196 1341 1290 1217 1245 1308 1232 1299 1106 1291 1199 1340 1180 1214 1033 1526 1209 1076 1328 1220 1277 1035 1223 1041 1246 1268 1180 1392 1078 1388 1405 1282 1132 1235 1355
1119 1279 1288 1605 1438 1322 1120 1215 1391 1182 1213 1050 1313 1166 1295 1332 1414 1291 1098 1222 1273 1345 1114 1344 1026 1089 1168 1372 1360 1027 1147 1198 1211 1056 1119 1183 1270 973 1244 1267 1321 1049 1106 985 1467 1355 1174 1226 1224 1195 1082 1260 1116 1333 1252 1220 1258 1160 1481 1138 1258 1069 1197 1428
1321 1324 1477 1597 1573 1534 1137 1254 1575 1241 1304 1148 1374 1116 1399 1398 1436 1381 1150 1233 1503 1496 1222 1361 1068 1188 1207 1346 1535 1233 1171 1400 1367 1220 1406 1490 1395 1165 1287 1271 1380 1237 1217 1012 1616 1244 1292 1293 1263 1356 1215 1245 981 1290 1401 1273 1308 1122 1539 1371 1289 1137 1290 1417
1352 1264 1495 1605 1357 1429 1161 1213 1358 1155 1328 1290 1447 1246 1384 1391 1482 1426 1132 1210 1543 1328 1401 1271 1193 1030 1241 1346 1348 1105 1355 1302 1363 1103 1323 1431 1225 1106 1197 1198 1164 1156 1268 941 1481 1369 1252 1354 1177 1147 1282 1300 991 1224 1240 1339 1303 1083 1494 1365 1179 1103 1295 1350
1487 1365 1462 1678 1528 1633 1146 1300 1433 1322 1289 1148 1325 1278 1414 1280 1433 1334 1211 1332 1463 1538 1277 1363 1186 1153 1153 1388 1499 1236 1224 1350 1307 1393 1298 1407 1310 1107 1259 1301 1298 1303 1213 880 1569 1413 1211 1297 1181 1266 1271 1220 1031 1343 1230 1318 1364 1115 1440 1297 1406 1228 1207 1505
1217 1241 1200 1455 1375 1309 1014 1167 1262 1161 1171 1121 1273 1080 1222 1252 1374 1207 1079 1232 1329 1316 1104 1205 1014 985 1013 1273 1205 1023 1182 1163 1191 1010 1154 1162 1142 978 1280 1144 1356 1133 1129 1014 1380 1243 1033 1152 1105 1284 1014 1163 1069 1189 1281 1207 1340 1121 1403 1177 1304 1119 1041 1289
1304 1380 1558 1616 1621 1525 1353 1449 1497 1305 1289 1208 1514 1266 1422 1530 1586 1410 1218 1196 1544 1455 1178 1337 1202 1217 1229 1445 1441 1290 1347 1420 1388 1268 1368 1382 1311 1335 1348 1366 1427 1317 1269 1110 1505 1329 1220 1353 1211 1391 1210 1140 1035 1346 1280 1330 1431 1273 1446 1454 1490 1241 1325 1360
1491 1451 1604 1671 1550 1546 1259 1283 1415 1439 1322 1385 1542 1233 1417 1411 1536 1319 1263 1429 1611 1590 1422 1524 1332 1168 1172 1547 1564 1367 1361 1472 1327 1384 1370 1397 1395 1306 1409 1251 1387 1149 1301 1171 1691 1408 1423 1440 1396 1329 1171 1345 1112 1359 1308 1408 1606 1342 1607 1434 1540 1208 1485 1599
1353 1430 1426 1592 1426 1508 1180 1368 1367 1250 1351 1231 1398 1212 1366 1282 1578 1343 1224 1345 1566 1553 1239 1305 1287 1155 1310 1291 1383 1143 1304 1214 1253 1291 1392 1402 1321 1153 1340 1265 1441 1279 1303 1047 1660 1377 1196 1427 1105 1247 1292 1398 939 1355 1408 1257 1373 1151 1545 1282 1385 1175 1393 1456
1141 1166 1316 1356 1274 1366 1140 1239 1160 1075 1165 1096 1238 1005 1328 1200 1376 1143 1009 1162 1257 1297 1038 1154 1161 1071 1098 1171 1224 1084 1134 1124 1165 1160 1172 1329 1180 1011 1138 1178 1193 1270 941 816 1461 1191 1127 1219 1112 1122 1115 1116 790 1272 1039 1138 1197 1007 1189 1170 1138 985 1051 1150
1312 1276 1522 1641 1526 1568 1294 1272 1493 1279 1318 1286 1573 1321 1384 1602 1475 1441 1158 1344 1575 1540 1319 1369 1137 1104 1092 1498 1500 1283 1260 1374 1272 1175 1406 1413 1298 1126 1405 1253 1311 1260 1219 1029 1588 1444 1277 1314 1308 1296 1204 1282 1071 1371 1262 1412 1399 1242 1549 1464 1228 1314 1267 1482
1381 1102 1331 1369 1293 1377 1108 1122 1233 1049 1060 1124 1208 956 1246 1264 1299 1169 960 1125 1326 1301 1151 1122 1072 1101 987 1167 1170 1041 1142 1131 1141 1052 1169 1354 1134 1064 1157 1065 1179 1111 1082 865 1311 1089 1182 1061 1118 1065 1042 1094 860 1176 1219 1068 1204 921 1251 1212 1141 1071 1061 1085
1370 1339 1341 1696 1495 1428 1274 1180 1265 1258 1208 1168 1432 1132 1289 1407 1341 1373 1297 1198 1427 1526 1312 1319 1186 1100 1109 1390 1412 1253 1271 1344 1278 1245 1257 1304 1239 1230 1215 1214 1339 1204 1298 1056 1518 1349 1146 1296 1160 1262 1113 1360 1166 1395 1326 1217 1394 1052 1607 1335 1366 1193 1339 1385
1246 1370 1308 1538 1329 1404 1038 1263 1370 1167 1351 1017 1353 1145 1295 1365 1423 1205 1140 1225 1296 1317 1065 1270 1209 968 1088 1182 1262 1196 1248 1325 1132 1109 1390 1310 1183 1090 1242 1269 1279 1181 1072 916 1414 1187 1205 1286 1048 1115 1151 1229 848 1300 1219 1230 1418 1068 1326 1342 1214 1025 1293 1328
1266 1277 1371 1530 1402 1358 1164 1291 1248 1226 1150 1222 1379 983 1308 1284 1332 1221 1185 1278 1462 1466 1086 1282 1094 1114 1052 1392 1359 1175 1098 1146 1234 1118 1264 1379 1171 1178 1164 1189 1388 1234 1186 929 1476 1305 1198 1159 1162 1175 1108 1184 912 1219 1184 1132 1287 1097 1398 1251 1276 1197 1111 1339
1315 1387 1373 1592 1389 1473 1011 1154 1420 1162 1189 1213 1492 1046 1395 1376 1503 1253 1132 1292 1306 1401 1174 1477 1195 1107 1103 1465 1369 1384 1400 1215 1307 1135 1228 1260 1247 1165 1169 1275 1402 1149 1220 931 1342 1313 1215 1176 1216 1123 1089 1276 1095 1282 1281 1242 1439 1246 1493 1214 1222 1243 1261 1462
1521 1480 1661 1776 1630 1692 1267 1386 1542 1454 1445 1238 1667 1299 1486 1547 1633 1478 1297 1645 1666 1781 1409 1618 1287 1279 1245 1605 1554 1424 1355 1414 1370 1299 1519 1537 1444 1264 1478 1415 1576 1405 1382 1198 1634 1574 1384 1357 1303 1567 1205 1450 1248 1487 1446 1537 1534 1364 1690 1464 1432 1328 1450 1582
1190 1490 1418 1543 1599 1525 1312 1407 1595 1203 1309 1153 1396 1286 1497 1431 1663 1415 1219 1312 1532 1465 1271 1404 1191 1103 1323 1351 1504 1189 1377 1399 1351 1246 1429 1424 1376 1059 1304 1345 1456 1352 1277 1009 1573 1476 1187 1265 1199 1311 1210 1374 1028 1363 1362 1269 1352 1224 1589 1346 1352 1224 1358 1467
1158 984 1133 1224 1336 1249 963 1103 1052 991 1126 949 1078 950 1075 1212 1213 1150 936 1015 1095 1054 1001 1032 1020 951 1065 965 1114 1007 956 1116 1043 982 1134 1165 1006 934 1009 1110 1064 974 1049 708 1201 1076 959 1134 896 1015 980 999 814 1072 1023 971 1051 928 1315 1184 1142 857 1153 1162
1216 1236 1428 1603 1467 1440 1119 1285 1291 1232 1247 1171 1355 1086 1313 1306 1491 1234 1133 1292 1301 1440 1158 1325 1217 1066 1195 1336 1241 1166 1271 1130 1197 1155 1259 1317 1182 1085 1204 1335 1280 1158 1154 1000 1407 1291 1151 1189 1178 1113 1161 1257 1078 1290 1194 1313 1234 1086 1414 1218 1132 1173 1254 1433
1327 1146 1379 1526 1418 1507 1144 1187 1278 1338 1156 1147 1390 1156 1334 1306 1336 1248 1301 1233 1325 1409 1214 1318 1086 1041 1008 1294 1350 1173 1209 1212 1034 1143 1302 1236 1194 1086 1308 1177 1303 1123 1177 880 1493 1293 1196 1232 1130 1271 1092 1208 973 1226 1064 1314 1273 1006 1359 1362 1323 1109 1195 1293
1394 1235 1429 1429 1452 1407 1251 1281 1331 1192 1203 1251 1266 1065 1179 1344 1286 1264 981 1119 1436 1300 1232 1226 1147 1187 1094 1273 1354 1073 1204 1202 1117 1268 1241 1262 1237 1188 1205 1120 1337 1069 1180 1012 1561 1200 1182 1201 1182 1115 1111 1115 1062 1278 1233 1156 1185 1110 1538 1362 1368 1091 1332 1364
1701 1520 1557 1907 1641 1748 1460 1518 1444 1508 1531 1431 1572 1431 1484 1535 1610 1494 1369 1618 1652 1610 1501 1544 1410 1327 1441 1503 1495 1355 1447 1470 1360 1531 1477 1519 1571 1443 1368 1418 1559 1425 1421 1179 1747 1479 1472 1401 1393 1474 1355 1526 1230 1756 1556 1546 1556 1252 1813 1597 1549 1310 1515 1715
1451 1534 1504 1632 1546 1629 1336 1381 1509 1345 1287 1227 1601 1232 1530 1475 1512 1421 1270 1356 1533 1541 1402 1335 1338 1105 1150 1491 1610 1270 1471 1463 1429 1330 1332 1540 1319 1254 1213 1328 1313 1355 1445 1092 1619 1395 1343 1404 1207 1234 1267 1244 1019 1510 1270 1396 1386 1193 1583 1476 1468 1248 1449 1447
1401 1425 1507 1679 1530 1519 1218 1386 1494 1366 1386 1366 1513 1224 1484 1485 1475 1451 1258 1532 1546 1506 1290 1460 1189 1211 1241 1568 1552 1318 1363 1248 1277 1304 1411 1503 1337 1218 1324 1392 1516 1270 1306 984 1605 1444 1330 1220 1248 1499 1194 1396 1116 1427 1369 1372 1366 1289 1703 1509 1273 1204 1325 1582
1409 1465 1588 1685 1679 1659 1293 1381 1465 1392 1364 1286 1408 1248 1508 1499 1696 1471 1179 1314 1567 1627 1276 1395 1389 1217 1374 1488 1570 1251 1270 1471 1422 1333 1313 1470 1475 1180 1419 1323 1550 1303 1327 1101 1691 1523 1329 1445 1353 1327 1267 1289 1114 1275 1438 1474 1485 1227 1567 1340 1637 1361 1455 1484
1433 1368 1538 1682 1481 1436 1260 1299 1389 1312 1381 1291 1465 1311 1572 1559 1468 1371 1180 1284 1503 1506 1373 1356 1271 1081 1189 1614 1502 1256 1350 1351 1255 1231 1391 1504 1308 1177 1395 1309 1358 1267 1308 945 1513 1487 1289 1389 1230 1296 1213 1274 1168 1402 1215 1357 1368 1264 1612 1418 1397 1267 1344 1484
1174 1294 1344 1487 1332 1469 1004 1241 1345 1251 1078 1037 1377 1192 1234 1223 1439 1325 1222 1216 1259 1307 1204 1230 1093 949 1058 1240 1289 1045 1284 1239 1232 1021 1107 1214 1139 1054 1249 1165 1151 1053 1199 909 1274 1333 1083 1045 1107 1198 1052 1113 943 1212 1051 1302 1157 1102 1467 1172 1180 1139 1095 1312
1511 1559 1682 1778 1775 1627 1413 1565 1622 1579 1525 1254 1692 1294 1501 1624 1619 1621 1394 1551 1586 1694 1422 1568 1380 1162 1248 1606 1643 1363 1421 1448 1498 1412 1481 1703 1544 1394 1499 1560 1458 1437 1367 1170 1815 1651 1435 1484 1424 1573 1276 1537 1228 1551 1319 1522 1519 1414 1799 1553 1635 1353 1432 1621
1365 1373 1572 1743 1712 1564 1368 1461 1493 1356 1432 1345 1552 1329 1520 1520 1694 1471 1260 1467 1535 1549 1466 1482 1363 1305 1325 1609 1540 1382 1431 1441 1293 1299 1504 1435 1436 1211 1461 1513 1448 1320 1295 1161 1679 1501 1390 1426 1461 1354 1222 1310 1285 1506 1400 1508 1488 1303 1708 1439 1383 1213 1487 1709
1506 1529 1595 1869 1711 1676 1483 1416 1577 1434 1511 1373 1512 1457 1602 1612 1664 1504 1379 1400 1563 1587 1333 1445 1411 1215 1594 1565 1560 1350 1428 1412 1365 1325 1551 1506 1522 1238 1376 1456 1596 1466 1407 1103 1541 1585 1422 1429 1279 1439 1349 1499 1268 1591 1384 1602 1422 1335 1690 1559 1537 1306 1465 1592
1418 1353 1494 1709 1562 1684 1310 1287 1409 1288 1308 1279 1558 1182 1494 1495 1531 1392 1285 1301 1527 1546 1267 1333 1215 1079 1232 1492 1467 1440 1355 1471 1342 1295 1461 1413 1386 1301 1216 1316 1379 1364 1323 988 1454 1363 1304 1318 1188 1243 1169 1329 1067 1371 1408 1370 1464 1127 1517 1425 1356 1222 1332 1575
1451 1293 1617 1783 1600 1727 1254 1321 1515 1430 1364 1337 1527 1251 1524 1546 1584 1485 1201 1426 1521 1550 1309 1371 1314 1285 1180 1448 1490 1333 1365 1308 1321 1362 1328 1418 1338 1312 1402 1309 1516 1321 1304 1024 1612 1452 1322 1360 1297 1422 1370 1296 1161 1419 1412 1527 1477 1258 1700 1490 1393 1404 1396 1520
1398 1396 1554 1695 1607 1591 1223 1298 1498 1395 1396 1327 1457 1322 1490 1459 1508 1488 1329 1461 1612 1455 1366 1389 1309 1164 1304 1477 1468 1354 1405 1305 1306 1306 1390 1396 1395 1249 1273 1321 1361 1199 1359 1017 1484 1461 1145 1394 1208 1447 1284 1317 1101 1426 1409 1447 1434 1278 1694 1520 1351 1169 1358 1617
1404 1219 1572 1596 1520 1480 1220 1282 1344 1264 1180 1228 1334 1107 1319 1377 1494 1403 1177 1301 1501 1514 1338 1363 1140 1136 1271 1366 1336 1067 1145 1183 1256 1196 1174 1513 1347 1100 1338 1277 1363 1161 1189 1011 1593 1463 1167 1157 1326 1309 1177 1380 1128 1251 1272 1315 1304 1005 1453 1275 1276 1156 1186 1323
1211 1147 1410 1372 1432 1302 1194 1142 1231 1136 1131 1149 1229 1033 1112 1236 1327 1283 1009 1142 1369 1365 1244 1269 1085 1059 1103 1229 1296 1000 1146 1234 1219 1207 1187 1313 1231 1038 1138 1142 1210 1053 1112 1002 1533 1189 1010 1180 1154 1170 1139 1121 963 1236 1141 1216 1141 1084 1432 1311 1172 1092 1209 1221
1408 1370 1419 1756 1532 1435 1176 1256 1494 1355 1230 1137 1428 1218 1291 1326 1485 1445 1270 1299 1514 1477 1487 1563 1090 1063 1141 1435 1397 1119 1253 1358 1223 1236 1271 1530 1270 1250 1315 1271 1271 1150 1334 969 1471 1448 1187 1157 1245 1306 1232 1245 1133 1399 1210 1308 1382 1065 1625 1352 1408 1243 1255 1406
1115 1097 1325 1465 1246 1329 962 1061 1246 1143 1180 1047 1309 1073 1342 1198 1359 1236 1058 1206 1314 1282 1136 1149 1125 925 954 1295 1238 1141 1299 1264 1128 958 1177 1204 1138 1033 1251 1111 1184 1125 1074 920 1326 1226 1163 1265 1115 1235 1003 1093 988 1158 1135 1308 1323 1008 1369 1161 1143 999 1160 1222
1190 1065 1291 1367 1227 1263 988 1099 1083 1134 1065 983 1122 1004 1244 1147 1194 1145 1039 1108 1192 1325 1170 1116 1080 1006 977 1228 1242 996 1045 1084 931 1062 1119 1261 1132 1058 1157 1142 1004 1053 1103 800 1255 1222 1082 1122 999 1144 1028 1023 924 1178 983 1121 1052 959 1292 1093 1203 967 1084 1160
1204 1185 1429 1438 1359 1471 1203 1332 1243 1267 1070 1052 1364 1072 1189 1172 1311 1193 1031 1210 1328 1315 1088 1188 1112 1092 1002 1294 1153 1100 1198 1171 1260 1066 1188 1285 1145 1131 1065 1206 1273 1188 1180 970 1277 1207 953 1201 1069 1168 1122 1012 868 1136 1024 1150 1167 1019 1227 1232 1150 1093 1131 1262
1426 1422 1591 1729 1595 1634 1336 1439 1415 1367 1377 1280 1603 1160 1474 1453 1598 1567 1293 1413 1595 1475 1380 1406 1295 1244 1241 1550 1535 1223 1404 1526 1472 1269 1419 1487 1413 1332 1282 1380 1476 1306 1444 1120 1656 1433 1269 1492 1273 1293 1201 1354 1172 1456 1340 1332 1427 1273 1610 1473 1476 1260 1393 1461
1360 1320 1524 1623 1464 1557 1255 1313 1350 1236 1220 1259 1466 1098 1330 1326 1463 1411 1250 1348 1589 1445 1298 1382 1220 1215 1193 1369 1506 1147 1331 1218 1293 1312 1280 1441 1246 1287 1211 1211 1340 1190 1402 956 1524 1384 1321 1309 1189 1292 1261 1252 1034 1327 1231 1295 1299 1091 1583 1438 1400 1128 1359 1391
1475 1423 1552 1653 1424 1505 1379 1386 1284 1270 1404 1327 1476 1170 1346 1467 1469 1366 1250 1462 1539 1554 1390 1259 1267 1131 1360 1338 1444 1245 1308 1233 1370 1249 1256 1408 1376 1239 1391 1232 1416 1173 1293 1138 1698 1416 1340 1288 1252 1351 1146 1515 1144 1407 1339 1277 1435 1223 1636 1398 1424 1181 1347 1404
1383 1404 1611 1781 1730 1741 1480 1494 1528 1411 1371 1216 1509 1226 1453 1593 1602 1468 1245 1438 1519 1622 1327 1432 1205 1228 1366 1472 1433 1356 1445 1400 1434 1395 1342 1539 1424 1233 1362 1450 1515 1297 1384 1163 1606 1437 1297 1338 1390 1344 1319 1320 1121 1513 1341 1475 1471 1190 1600 1466 1538 1353 1401 1466
1402 1410 1427 1663 1450 1495 1177 1233 1375 1314 1268 1123 1459 1356 1309 1379 1390 1376 1311 1296 1535 1503 1302 1330 1105 1110 1206 1363 1301 1170 1206 1262 1265 1088 1250 1253 1229 1146 1334 1217 1285 1119 1372 1092 1438 1395 1202 1249 1110 1333 1173 1264 1066 1366 1223 1394 1261 1220 1506 1295 1344 1155 1210 1362
1258 1184 1159 1412 1352 1406 1067 1103 1102 1038 1126 1194 1232 1137 1256 1298 1339 1102 1063 1295 1228 1338 1168 1210 1045 1110 1146 1223 1233 1171 1003 1042 1171 1133 1071 1307 1177 918 1110 1207 1170 1101 1166 904 1442 1201 1144 1170 1196 1087 1084 1127 902 1257 1144 1094 1212 933 1241 1181 1208 1036 1141 1266
1398 1457 1593 1803 1585 1593 1422 1332 1481 1319 1367 1428 1606 1339 1606 1588 1655 1382 1292 1431 1586 1503 1303 1414 1292 1197 1429 1597 1582 1291 1294 1508 1517 1290 1389 1609 1451 1184 1303 1447 1512 1429 1415 1038 1725 1498 1372 1570 1381 1322 1233 1469 1120 1486 1350 1342 1514 1284 1637 1558 1439 1238 1474 1505
