0 14 0 18 0 9 57 0 7 65 56 6 0 0 0 146 136 0 1 107 58 0 0 16 81 48 18 7 0 0 25 3 12 25 0 18 0 36 56 0 9 58 0 41 8 20 8 12 34 14 16 0 72 7 7 60 241 0 3 72 49 72 49 7
0 50 0 13 25 103 0 5 0 0 0 0 0 0 0 0 57 0 0 0 0 0 0 0 84 0 49 49 0 42 9 62 49 65 10 28 0 0 0 0 0 0 37 0 20 27 0 56 0 0 7 28 0 0 0 41 0 0 0 0 9 0 49 0
0 0 0 0 0 0 0 25 0 6 0 0 0 0 0 0 40 0 0 7 0 0 0 0 0 0 0 0 0 0 0 30 0 0 0 0 0 0 0 0 0 0 0 0 0 0 0 0 2 0 0 0 0 0 0 30 0 0 0 0 0 0 0 0
0 0 0 4 42 41 0 0 0 0 0 28 0 0 0 8 28 0 0 0 0 0 0 0 0 0 28 40 0 0 0 0 72 8 0 21 0 0 0 40 0 0 16 0 8 0 0 32 0 0 40 16 0 0 0 5 0 0 0 0 0 0 4 0
0 0 0 0 24 0 9 0 0 0 63 0 0 0 0 0 72 0 0 4 45 0 0 0 72 12 0 0 4 0 42 0 0 44 0 0 64 0 0 0 8 0 0 0 0 0 72 0 0 0 0 24 81 0 24 0 28 0 0 81 0 0 0 0
28 6 0 6 43 0 7 36 0 15 7 7 20 0 28 14 8 0 0 10 5 0 63 0 18 15 0 0 30 40 2 40 1 0 30 12 25 0 24 0 4 0 0 0 2 28 8 0 0 20 9 28 9 0 6 21 16 4 0 9 21 0 1 0
0 0 0 8 0 4 6 36 14 0 0 12 0 40 0 55 16 0 0 0 0 0 0 8 0 8 0 23 8 2 2 10 0 0 0 48 49 24 54 12 0 0 0 6 0 0 16 0 0 32 0 18 14 8 20 64 32 0 54 24 0 18 98 0
9 97 0 0 15 24 12 18 16 0 9 0 0 0 7 27 0 0 0 0 0 6 9 0 21 24 35 5 6 0 0 5 0 0 15 21 0 0 44 4 9 0 9 51 12 16 89 0 0 10 75 4 0 0 2 9 26 0 0 5 1 0 0 0
0 0 0 0 0 0 0 0 0 0 0 0 15 81 0 56 5 0 0 7 0 0 0 0 0 0 0 0 0 0 0 0 0 0 0 0 0 0 0 0 3 35 4 0 0 0 6 72 21 7 0 0 0 24 0 24 75 3 1 0 0 67 0 0
81 12 45 0 72 0 0 0 6 78 0 0 40 36 0 5 0 36 0 28 0 0 0 0 27 0 0 0 0 63 0 20 0 0 0 0 0 0 8 0 16 0 0 2 0 0 34 32 8 0 0 0 0 45 0 0 32 8 0 0 27 0 0 0
0 25 0 30 0 0 0 0 0 35 0 0 0 0 10 0 0 0 0 0 42 0 14 0 0 0 0 0 0 0 45 0 30 0 0 0 0 0 0 81 0 34 45 42 0 35 0 0 0 0 63 0 0 0 18 0 54 0 0 45 45 0 0 0
0 0 0 0 0 82 21 0 30 72 0 0 30 0 0 72 0 0 0 56 14 0 45 0 63 0 42 6 0 7 0 0 36 45 0 56 0 84 0 0 4 0 0 0 0 0 24 32 0 4 54 0 49 0 0 20 115 4 0 28 0 0 0 0
0 44 0 42 0 6 0 12 0 27 6 0 0 0 0 18 0 6 0 0 0 0 0 0 0 9 0 3 0 0 63 0 9 0 0 0 15 12 18 0 0 0 63 0 15 49 0 12 0 0 0 6 0 0 6 12 0 0 18 3 63 0 24 0
0 56 0 8 0 12 8 12 0 24 0 32 0 25 0 10 5 0 0 35 5 42 0 0 12 0 18 0 0 2 0 0 0 3 0 34 56 16 0 0 0 0 28 8 12 7 0 0 8 20 0 9 14 72 2 30 0 0 1 0 0 4 5 0
0 0 0 0 49 0 0 0 0 0 0 0 45 9 0 0 28 0 0 0 0 0 0 0 49 0 0 35 0 0 0 0 0 56 0 32 0 0 0 0 81 32 0 48 64 0 18 8 0 48 0 0 0 56 0 0 36 9 24 0 0 0 0 56
0 64 0 10 30 48 0 45 0 25 0 0 0 54 0 49 10 0 0 0 0 0 0 0 42 35 0 0 25 0 0 0 0 0 12 0 0 0 55 0 0 15 0 0 24 29 0 48 9 3 20 0 0 0 0 0 27 0 0 0 35 27 0 0
8 180 0 12 91 56 0 12 0 48 9 0 0 63 8 51 10 0 42 37 9 0 18 14 49 30 9 88 87 35 36 8 72 0 20 4 20 24 100 54 10 40 8 7 66 36 9 80 42 24 0 95 0 7 0 30 30 0 23 3 42 8 24 7
0 0 0 0 0 0 72 0 0 0 2 0 0 0 0 0 0 0 0 0 2 0 0 0 0 0 2 0 18 6 0 0 12 45 0 0 0 0 0 0 0 0 0 0 0 36 0 0 8 0 0 18 0 0 0 0 45 0 0 0 0 0 0 0
0 122 0 13 0 51 8 0 42 20 0 24 0 0 0 31 35 0 56 0 0 30 0 0 0 20 35 48 9 0 48 6 35 5 0 20 42 0 84 72 18 48 38 6 0 4 0 40 0 15 5 20 0 54 4 9 57 0 0 0 28 0 0 0
0 129 14 0 71 90 27 4 50 0 0 7 0 0 0 5 0 0 0 18 4 0 0 12 117 0 0 5 30 9 0 15 1 0 18 4 43 72 30 24 13 4 0 6 46 36 36 10 0 36 9 14 63 19 24 18 78 16 9 31 0 27 17 7
8 0 7 0 0 0 0 0 0 0 0 0 0 0 16 63 20 0 0 28 0 0 18 0 0 0 0 0 0 0 0 0 0 0 0 49 0 0 0 0 2 0 16 0 0 8 14 7 0 0 0 8 0 0 0 6 0 0 4 0 0 19 0 0
54 25 30 30 48 0 0 0 0 36 0 0 0 54 0 34 0 24 0 0 40 16 0 0 18 0 0 0 0 42 45 12 0 24 0 54 0 0 0 0 0 10 45 0 16 91 0 8 6 38 0 72 0 30 0 54 18 0 0 0 63 18 9 0
0 64 49 0 28 24 24 0 15 0 8 32 0 5 0 17 4 0 0 7 8 40 0 0 7 0 8 19 75 32 0 0 63 8 0 34 56 84 4 0 63 28 24 50 81 0 0 55 32 51 0 72 56 121 0 29 4 56 21 0 0 0 29 49
0 155 0 30 45 79 0 15 0 10 0 28 0 5 0 2 24 0 0 0 12 35 4 0 63 0 0 0 0 0 45 18 0 0 18 6 49 0 0 0 0 4 66 19 36 71 0 0 0 4 18 0 0 69 0 30 0 0 0 0 45 0 1 0
36 82 20 48 32 63 0 0 0 96 0 0 0 15 0 6 30 16 0 42 0 0 0 0 47 0 0 35 0 58 72 48 81 35 0 18 0 63 28 0 7 0 96 7 0 56 63 72 0 21 0 0 0 20 0 43 81 0 6 63 84 24 38 0
31 52 21 32 34 40 0 0 59 0 0 48 21 40 16 52 48 42 0 3 0 35 36 0 35 32 42 62 0 0 13 15 0 0 37 48 56 24 0 0 0 0 27 18 20 36 70 15 0 32 0 16 0 0 56 112 42 24 0 63 3 35 82 0
0 8 0 0 62 0 0 0 8 0 0 42 0 63 0 12 8 0 0 0 0 0 0 0 14 0 0 10 3 0 0 0 6 16 0 0 0 0 4 0 0 0 0 0 12 0 0 56 0 5 54 0 0 0 0 3 4 0 0 0 0 0 6 0
0 73 0 12 63 0 0 0 0 0 0 0 0 30 16 12 0 0 0 4 0 0 0 14 0 0 0 49 12 16 18 16 48 0 12 36 10 0 0 72 0 32 18 0 0 14 0 0 0 46 0 0 0 0 0 36 0 0 0 0 18 0 6 0
0 54 42 32 46 8 0 0 33 13 0 18 2 0 0 72 0 0 0 14 6 0 11 0 15 12 45 33 24 32 0 32 0 9 24 0 20 0 36 0 9 47 0 15 25 0 105 30 27 25 9 0 0 0 21 10 81 48 0 0 0 81 36 0
24 2 0 0 18 45 0 0 0 0 0 0 60 0 24 81 0 57 0 1 0 10 54 0 54 3 12 0 1 0 8 0 0 5 54 79 64 0 0 0 42 16 0 24 32 69 54 0 0 24 0 42 0 28 20 18 7 0 12 18 0 10 0 28
0 0 0 36 0 14 0 0 63 16 0 54 0 0 0 0 0 0 0 0 0 0 0 4 0 36 0 63 4 0 0 5 18 0 0 0 2 14 0 0 0 0 0 0 0 0 72 16 0 2 0 0 0 10 63 24 18 0 0 14 0 9 36 0
0 30 0 40 49 14 21 0 7 0 0 6 0 0 0 63 28 0 0 0 0 0 0 0 49 4 0 42 0 7 54 0 0 56 0 49 0 56 0 0 0 0 54 0 0 42 22 0 0 0 0 0 49 0 9 2 0 0 0 0 54 0 4 0
0 0 14 20 0 8 12 36 35 0 0 37 0 45 0 45 56 0 63 0 0 35 0 32 0 20 0 44 32 4 35 40 0 0 0 54 61 32 54 71 0 0 0 7 0 21 40 0 42 36 0 18 28 32 53 64 54 0 54 54 0 72 101 0
0 68 0 30 64 80 0 0 16 64 8 0 0 20 0 56 28 0 0 9 8 0 0 0 70 27 8 35 87 24 99 0 120 101 6 24 0 56 8 0 0 30 45 0 12 47 0 64 50 40 0 72 0 0 0 30 197 0 0 56 45 54 4 0
32 0 0 0 42 0 0 0 0 0 1 0 0 0 36 36 24 0 0 0 1 0 72 48 42 0 55 30 9 3 0 0 54 48 0 70 0 0 0 18 0 50 0 0 0 32 8 36 4 0 48 41 0 0 0 36 0 0 0 0 0 0 0 0
0 0 18 0 0 89 0 0 48 64 0 9 46 0 0 66 72 25 81 0 0 45 72 0 0 0 0 0 0 0 45 0 21 72 30 35 0 28 0 45 0 0 0 9 35 52 0 28 54 0 0 0 0 0 0 60 0 0 0 0 0 0 0 0
0 0 0 0 0 30 5 6 0 0 35 0 36 0 0 54 40 30 0 0 25 2 0 0 0 2 0 0 0 0 10 0 0 0 36 42 0 0 0 0 0 0 0 14 0 30 0 0 0 0 10 0 45 0 0 0 4 0 0 45 0 0 0 0
0 0 0 0 0 12 18 0 0 0 0 0 10 15 0 6 0 0 0 0 0 72 0 16 0 0 0 0 0 6 0 0 0 0 0 58 0 48 0 0 2 0 0 0 0 0 4 0 0 12 0 0 42 0 0 18 8 2 0 48 0 40 3 0
0 76 6 24 0 0 0 0 56 15 0 3 0 0 10 45 24 0 27 0 18 15 6 0 0 0 35 5 21 0 51 0 0 30 0 0 0 0 58 15 0 6 36 26 0 37 0 35 23 35 72 0 0 0 0 21 28 0 0 0 36 0 0 0
0 0 0 0 0 0 5 84 0 0 0 0 0 0 0 6 12 0 0 0 0 0 0 0 15 12 0 0 30 0 0 0 0 0 0 10 0 0 18 0 0 0 0 0 0 6 0 0 0 0 24 0 0 0 5 0 0 0 0 0 0 0 0 0
0 2 0 10 3 79 0 0 0 13 0 0 0 0 0 4 56 0 0 0 0 0 0 0 9 5 56 0 0 0 0 0 65 0 0 32 8 7 8 0 1 0 32 0 0 0 9 72 0 1 8 35 0 0 3 0 9 0 0 7 7 0 0 0
27 72 15 5 73 45 0 0 72 18 0 0 0 0 0 0 35 12 0 14 0 0 0 0 9 0 35 0 69 77 0 62 35 0 42 20 35 0 36 0 0 0 20 0 0 0 0 40 0 73 5 20 0 15 10 27 36 0 0 0 9 0 0 0
45 72 0 0 183 25 18 0 0 0 0 56 0 0 4 16 36 0 23 8 0 0 0 48 63 42 0 161 44 0 66 96 76 112 81 7 18 0 15 101 0 26 81 16 16 0 18 0 0 12 72 0 0 36 0 7 71 0 0 0 9 81 8 0
55 0 15 0 32 45 0 0 0 18 0 7 54 0 28 83 0 57 0 48 12 0 63 0 63 0 0 0 0 21 0 6 1 0 54 63 0 0 0 0 0 0 0 0 2 73 0 0 0 0 9 28 0 15 0 21 54 0 0 0 9 0 1 0
25 72 0 2 74 18 0 0 0 0 7 0 0 0 18 81 14 0 0 0 7 0 0 16 96 0 21 98 63 57 0 73 56 96 45 12 48 0 54 0 15 4 53 15 8 0 64 79 37 22 2 89 0 7 18 30 0 0 3 0 5 0 42 7
35 0 0 0 70 35 9 0 18 24 0 42 6 0 12 12 0 0 1 2 0 72 27 16 54 15 0 16 2 0 12 38 58 37 63 42 48 0 0 70 6 24 63 8 12 0 68 0 0 0 54 18 0 0 28 14 14 0 0 48 7 40 6 0
32 72 0 20 68 64 27 16 35 40 39 30 0 0 38 12 28 0 0 6 63 0 88 0 84 56 0 65 18 42 6 48 0 29 34 0 35 0 24 0 0 16 0 48 32 64 40 0 0 12 72 40 27 0 35 49 0 0 24 31 0 0 73 0
0 0 0 0 0 0 0 72 0 0 0 0 0 0 0 8 16 0 0 0 0 18 0 4 0 16 7 1 40 0 0 0 0 0 0 10 0 0 24 0 0 0 0 0 0 8 0 0 0 0 41 0 0 0 0 0 0 0 0 12 0 10 0 0
0 45 0 82 0 0 0 0 49 45 0 42 0 0 0 72 0 0 0 0 54 0 18 0 0 28 0 49 0 0 81 0 0 0 0 56 0 0 0 0 0 18 81 54 0 63 72 0 0 0 81 0 0 0 49 14 0 0 0 0 81 0 28 0
4 0 0 0 16 0 0 0 0 0 0 14 0 0 4 31 0 0 0 0 0 0 9 0 0 0 0 0 0 0 0 0 2 0 0 21 0 0 0 0 0 0 0 0 4 4 6 0 0 0 18 4 0 0 0 3 0 0 0 0 0 0 2 0
0 27 0 0 63 18 0 10 0 81 18 0 40 0 0 0 52 18 0 56 14 0 0 0 126 27 0 45 0 0 0 12 0 72 0 0 0 0 0 0 8 0 0 0 0 0 16 0 0 0 0 0 0 0 2 12 95 8 0 0 0 0 0 0
0 45 0 54 6 3 0 0 0 0 0 0 0 0 18 42 56 0 0 7 0 0 0 20 0 21 0 24 27 0 130 25 78 35 0 3 10 28 0 105 0 36 81 21 0 63 0 0 0 0 0 0 0 20 14 45 98 0 0 0 81 45 35 0
0 0 0 0 72 0 0 0 0 0 0 63 0 0 0 136 72 0 0 0 0 0 0 0 0 0 0 0 0 0 9 0 9 0 0 0 0 36 0 0 0 40 0 27 18 0 0 0 24 8 81 0 0 0 0 54 135 0 0 0 0 72 54 0
0 48 0 2 0 18 0 30 48 0 0 0 0 0 0 0 62 0 0 0 0 0 0 0 0 0 14 0 18 0 0 36 14 8 0 8 0 0 24 8 0 0 8 0 0 0 0 16 0 30 2 8 0 0 4 54 36 0 0 10 0 0 0 0
0 0 0 0 0 0 29 30 0 0 2 0 45 0 0 0 20 0 0 28 2 0 0 0 15 0 2 0 18 6 0 0 12 15 0 10 0 0 0 0 9 0 16 0 0 12 18 0 8 0 0 18 0 0 5 0 51 9 4 0 0 16 0 0
20 54 0 0 42 0 0 45 0 0 0 0 0 0 0 5 10 0 0 0 0 0 0 12 0 10 0 42 25 0 0 20 0 0 36 0 0 0 15 0 0 0 36 0 0 5 8 0 0 12 20 0 0 0 0 0 0 0 0 0 4 0 0 0
0 5 56 6 0 179 81 0 42 109 0 0 14 0 80 72 0 0 9 0 6 0 65 0 0 81 28 4 0 0 9 27 54 111 0 0 0 42 48 0 16 2 9 86 0 7 0 160 8 6 45 0 0 0 0 28 54 0 0 42 9 24 0 0
0 24 0 0 4 61 109 0 0 16 0 0 35 0 4 30 15 0 33 21 0 0 0 0 0 45 0 40 0 0 24 15 46 52 0 2 0 30 32 52 7 24 12 42 20 32 14 46 2 2 0 0 0 0 0 18 106 7 3 14 0 12 0 0
0 42 0 0 0 0 0 20 0 0 0 0 0 0 0 23 0 0 49 0 0 0 0 0 0 0 0 47 0 0 42 0 0 0 0 0 25 0 65 63 0 47 0 0 0 0 0 0 3 1 0 10 0 0 0 0 44 0 30 5 0 9 40 0
0 0 0 0 0 0 0 0 0 6 0 0 25 0 0 63 0 0 0 7 0 0 0 0 0 0 0 0 0 0 0 0 0 0 0 49 0 0 0 0 5 0 0 0 0 0 24 0 2 0 0 0 0 0 0 0 20 5 0 0 0 0 0 0
0 5 0 0 10 5 0 0 0 0 0 0 15 0 16 0 0 30 0 0 0 25 0 24 0 0 30 40 24 0 5 30 88 4 0 5 52 0 0 112 0 32 0 0 0 0 0 0 0 0 0 0 0 24 0 5 0 0 0 45 0 79 0 0
0 0 0 0 14 0 4 126 0 43 0 0 0 0 10 36 22 0 0 23 30 7 10 0 19 25 0 5 51 8 0 8 48 8 6 15 5 24 27 45 0 30 0 79 30 9 2 24 6 4 116 0 0 0 4 24 14 0 0 0 0 0 0 0
0 6 0 0 0 0 40 45 0 0 0 0 38 35 0 38 104 36 0 0 0 102 0 16 0 0 36 0 0 0 10 54 0 25 0 82 48 16 0 0 4 0 0 12 0 20 8 0 0 28 0 0 0 0 0 120 69 4 0 102 0 70 27 0
0 63 0 0 0 9 0 0 0 0 0 36 0 0 0 36 48 0 0 16 4 45 0 0 18 0 49 7 0 0 6 0 0 0 0 0 63 24 0 0 0 0 27 27 0 0 0 0 0 0 63 0 0 81 0 36 60 0 0 0 0 0 30 0
