1086 1069 1105 1157 1038 1031 1002 1149 1082 1227 1188 1243 1093 1061 1079 1163 827 1023 1156 1015 967 1146 968 1037 1022 884 896 1084 1129 938 1205 1228 1265 885 1139 980 1027 1093 1001 981 1286 813 1233 1118 889 1078 1045 1251 1129 1083 1185 903 1036 918 1114 1170 960 958 1013 1121 950 1012 963 850
1109 1283 1216 1215 1167 1160 1104 1129 1154 1235 1264 1337 1276 1159 1062 1175 988 1236 1362 1107 1174 1207 1128 1301 1149 1147 1119 1174 1228 1146 1116 1195 1269 1016 1222 1244 1247 1123 1105 1035 1254 1070 1324 1135 1126 1140 1072 1354 1050 1285 1327 1278 1034 1168 1375 1266 1204 1182 1117 1037 1078 1199 1114 1061
1214 1356 1464 1372 1316 1270 1268 1297 1265 1400 1399 1589 1375 1197 1282 1242 1038 1342 1517 1261 1276 1380 1170 1249 1134 1189 1094 1162 1338 1331 1301 1409 1292 1029 1350 1181 1396 1081 1362 1283 1388 1032 1467 1399 1076 1231 1349 1484 1164 1405 1410 1199 1084 1358 1407 1403 1190 1201 1245 1227 1207 1266 1316 1088
934 1034 1268 1193 1026 1155 986 976 965 1007 1077 1291 1121 1024 995 1050 754 1011 1154 1090 942 1114 959 994 977 924 1084 1054 1001 1103 1124 1130 1127 950 1104 985 1105 1012 1234 988 1095 949 1206 1089 897 1051 1103 1222 1045 1137 1115 1022 863 1109 1105 1087 1058 919 1124 944 946 1017 1017 910
1229 1285 1549 1323 1327 1242 1169 1260 1286 1321 1421 1606 1441 1289 1262 1197 903 1370 1500 1228 1322 1414 1210 1333 1146 1279 1039 1281 1290 1295 1176 1385 1419 1129 1383 1233 1262 1292 1371 1259 1513 1087 1373 1354 1358 1230 1178 1485 1299 1395 1448 1333 1181 1327 1353 1358 1157 1264 1235 1294 1124 1348 1228 1119
1363 1547 1647 1558 1388 1516 1408 1410 1522 1560 1527 1724 1451 1501 1477 1502 1200 1574 1671 1476 1419 1511 1386 1469 1303 1314 1348 1481 1569 1489 1591 1597 1587 1306 1618 1375 1567 1476 1525 1341 1726 1156 1542 1589 1136 1561 1560 1596 1425 1489 1566 1369 1282 1482 1727 1609 1382 1364 1446 1228 1237 1555 1474 1288
1151 1274 1406 1449 1287 1288 1180 1182 1247 1360 1474 1570 1362 1348 1230 1267 880 1338 1485 1218 1219 1416 1123 1344 1157 1215 1030 1119 1302 1295 1322 1392 1473 1157 1334 1110 1353 1221 1368 1160 1347 1098 1469 1260 1125 1215 1390 1480 1239 1355 1393 1349 1113 1347 1439 1368 1210 1338 1321 1222 1201 1237 1224 1248
1553 1448 1570 1563 1420 1314 1260 1370 1380 1465 1434 1690 1347 1465 1515 1409 1216 1581 1590 1336 1503 1443 1218 1325 1309 1228 1165 1288 1458 1336 1596 1538 1580 1223 1353 1259 1410 1373 1410 1288 1534 1196 1611 1531 1248 1388 1410 1667 1345 1500 1620 1364 1206 1439 1534 1529 1396 1417 1279 1344 1225 1360 1372 1202
1234 1352 1458 1371 1297 1362 1199 1367 1230 1271 1425 1524 1386 1328 1312 1388 1044 1234 1426 1269 1257 1267 1201 1215 1340 1145 1270 1324 1294 1200 1473 1381 1441 1077 1341 1223 1258 1311 1382 1163 1428 1122 1500 1253 1211 1292 1253 1408 1236 1423 1452 1233 1018 1206 1399 1364 1259 1286 1390 1232 1228 1336 1325 1117
1362 1445 1559 1501 1517 1310 1324 1384 1424 1459 1534 1627 1610 1448 1373 1385 1130 1417 1572 1471 1443 1418 1267 1470 1295 1313 1195 1347 1401 1331 1574 1432 1613 1214 1298 1208 1467 1375 1363 1167 1597 1348 1702 1490 1325 1370 1330 1742 1291 1513 1535 1501 1398 1333 1358 1503 1397 1424 1302 1348 1242 1382 1349 1351
1236 1277 1442 1300 1283 1262 1335 1240 1309 1247 1404 1525 1207 1242 1319 1341 893 1398 1474 1263 1210 1267 1211 1393 1159 1074 1043 1216 1322 1246 1324 1276 1226 1073 1318 1172 1407 1158 1313 1129 1405 940 1261 1282 1023 1230 1225 1371 1224 1411 1390 1199 1256 1176 1494 1253 1205 1108 1340 1270 1161 1318 1147 1009
1453 1459 1601 1513 1460 1350 1297 1537 1468 1410 1522 1500 1486 1478 1372 1507 1144 1569 1593 1463 1384 1343 1278 1494 1283 1266 1113 1522 1484 1302 1494 1504 1445 1242 1419 1305 1469 1378 1513 1203 1521 1215 1547 1522 1158 1451 1251 1599 1353 1541 1595 1261 1155 1384 1466 1505 1378 1319 1361 1283 1295 1428 1244 1248
1183 1252 1360 1346 1246 1236 1170 1118 1236 1393 1249 1406 1317 1165 1339 1177 970 1240 1182 1336 1247 1366 1190 1222 1141 1120 1179 1226 1359 1189 1176 1249 1369 1081 1174 1168 1246 1235 1309 1143 1489 1046 1391 1345 1136 1321 1352 1366 1273 1246 1351 1184 1190 1291 1391 1420 1158 1264 1084 1072 963 1210 1288 1144
1255 1382 1469 1233 1316 1260 1261 1145 1232 1252 1408 1438 1262 1280 1249 1196 1064 1208 1349 1212 1148 1380 1053 1187 1115 1036 1003 1152 1246 1273 1193 1192 1367 1147 1197 1141 1258 1171 1226 1180 1394 1024 1441 1276 1076 1224 1290 1388 1153 1330 1493 1175 1119 1176 1280 1318 1091 1152 1216 1161 1110 1248 1151 1056
1231 1192 1294 1373 1266 1076 1085 1163 1079 1166 1281 1387 1152 1157 1170 1207 854 1358 1454 1104 1193 1236 1085 1211 1171 1125 1124 1053 1319 1181 1152 1263 1303 1003 1282 1137 1139 1002 1292 1087 1263 976 1376 1146 1048 1156 1198 1310 1077 1432 1329 1212 960 1111 1265 1166 1167 1172 1205 1141 1192 1141 1167 1084
1434 1471 1552 1452 1458 1367 1288 1403 1355 1413 1587 1640 1527 1466 1382 1493 1183 1479 1584 1292 1357 1508 1182 1283 1339 1124 1134 1296 1454 1430 1460 1541 1629 1130 1328 1275 1473 1297 1340 1173 1536 1219 1703 1535 1131 1340 1316 1585 1386 1573 1550 1320 1093 1307 1533 1397 1429 1402 1311 1341 1341 1416 1367 1285
1326 1380 1377 1224 1075 1222 1214 1144 1159 1245 1244 1459 1326 1196 1211 1296 1041 1341 1290 1026 1139 1226 1164 1277 1004 975 1126 1091 1238 1130 1131 1317 1257 1108 1228 1122 1315 1103 1186 1043 1230 991 1302 1207 1111 1135 1035 1411 1103 1299 1396 1174 1083 1175 1426 1260 1136 1052 1056 1194 1178 1175 1210 1047
1376 1510 1536 1372 1262 1312 1275 1284 1392 1476 1528 1617 1493 1433 1381 1363 1080 1527 1524 1391 1341 1444 1382 1448 1151 1266 1193 1281 1382 1400 1336 1478 1529 1240 1291 1250 1417 1304 1331 1093 1536 1271 1520 1372 1261 1327 1334 1631 1291 1405 1425 1349 1261 1339 1568 1500 1309 1369 1276 1258 1299 1465 1336 1283
1285 1396 1656 1537 1354 1364 1334 1436 1387 1461 1487 1524 1452 1382 1330 1471 1098 1386 1494 1259 1268 1438 1221 1471 1207 1087 1124 1258 1457 1410 1413 1517 1427 1323 1379 1295 1439 1246 1641 1203 1449 1156 1527 1466 1107 1346 1480 1568 1260 1433 1533 1284 1108 1246 1426 1520 1280 1222 1343 1211 1290 1393 1241 1210
1133 1205 1262 1179 1288 1213 1146 1267 1296 1324 1284 1386 1202 1334 1229 1288 867 1259 1412 1272 1178 1362 1109 1262 1172 1044 998 1079 1265 1159 1237 1326 1320 1029 1277 1194 1229 1208 1251 1012 1321 1006 1205 1260 1071 1209 1108 1365 1173 1228 1414 1143 1129 1236 1459 1272 1122 1200 1146 1045 1037 1247 1177 1061
1273 1289 1516 1295 1311 1122 1167 1176 1161 1217 1339 1545 1197 1311 1190 1240 1092 1293 1433 1165 1248 1302 1143 1227 1146 954 1194 1185 1281 1196 1259 1396 1417 1133 1223 1171 1323 1198 1333 1201 1515 1144 1372 1276 928 1195 1263 1412 1160 1422 1480 1053 1019 1092 1375 1330 1151 1249 1223 1099 1060 1251 1165 1005
1318 1405 1377 1447 1372 1316 1275 1348 1318 1252 1420 1744 1334 1417 1384 1309 1085 1436 1437 1305 1230 1392 1237 1204 1281 1248 1179 1333 1479 1245 1420 1403 1387 1128 1347 1278 1355 1276 1395 1288 1383 1177 1530 1412 1200 1240 1483 1478 1351 1375 1572 1263 1140 1273 1550 1363 1332 1365 1354 1377 1321 1333 1425 1150
1241 1233 1459 1419 1243 1089 1113 1284 1273 1249 1464 1511 1184 1317 1292 1329 930 1243 1491 1193 1088 1288 1141 1148 1203 1105 1053 1337 1202 1170 1313 1330 1374 1220 1215 1094 1178 1193 1282 1169 1523 1178 1369 1297 1044 1246 1357 1443 1221 1298 1429 1083 1019 1077 1323 1349 1118 1237 1303 1106 1014 1319 1094 1123
1337 1362 1568 1441 1408 1221 1319 1375 1225 1323 1358 1530 1322 1198 1362 1364 1074 1270 1550 1313 1264 1360 1186 1224 1205 1108 1124 1242 1298 1349 1435 1449 1406 1160 1315 1178 1402 1257 1434 1113 1432 1179 1487 1329 1324 1136 1289 1598 1252 1446 1461 1282 1091 1100 1366 1427 1329 1256 1272 1312 1169 1343 1269 1157
1141 1320 1427 1347 1298 1211 1223 1334 1288 1301 1351 1415 1401 1306 1315 1230 934 1264 1479 1252 1253 1181 1214 1301 1148 1148 1076 1154 1300 1153 1348 1309 1278 1209 1289 1156 1248 1143 1241 1069 1335 1135 1282 1281 1227 1177 1141 1470 1105 1379 1487 1317 1242 1203 1326 1380 1168 1194 1254 1237 1217 1301 1273 1273
1231 1243 1357 1387 1106 1099 1081 1173 1184 1233 1263 1304 1228 1181 1186 1121 901 1306 1439 1141 1274 1232 1036 1268 1015 1014 1021 1102 1243 1191 1297 1384 1343 1063 1191 1030 1178 1140 1187 1039 1399 1023 1253 1214 1057 1076 1224 1396 1118 1194 1339 1151 990 1065 1268 1353 1107 1101 1122 1102 1031 1145 988 1039
1453 1421 1599 1380 1279 1316 1268 1375 1258 1351 1403 1562 1490 1219 1435 1331 1000 1464 1402 1228 1313 1422 1190 1451 1273 1188 1146 1209 1374 1233 1463 1457 1444 1089 1343 1196 1377 1221 1436 1107 1370 1186 1455 1294 1235 1213 1311 1490 1218 1472 1512 1362 1184 1214 1560 1268 1324 1223 1167 1331 1215 1246 1268 1210
1007 1150 1372 1242 1141 1209 1090 1071 1227 1236 1297 1447 1166 1218 1192 1065 1059 1350 1442 1180 1186 1175 1082 1222 1190 990 1029 1098 1157 1210 1335 1375 1385 1062 1218 1040 1265 1243 1213 1152 1291 891 1221 1258 954 1164 1195 1386 1180 1396 1270 1204 1018 1186 1393 1329 1245 1051 1254 1049 1109 1317 1108 945
1359 1422 1645 1392 1335 1266 1215 1315 1194 1498 1392 1467 1492 1306 1353 1330 1101 1437 1452 1250 1305 1491 1188 1414 1201 1211 1273 1322 1418 1253 1333 1426 1401 1168 1420 1263 1448 1250 1374 1215 1529 1235 1495 1460 1117 1348 1387 1511 1236 1445 1534 1306 1094 1239 1402 1394 1188 1281 1230 1238 1188 1338 1200 1160
1076 1205 1335 1227 1154 1255 1140 1107 1181 1180 1355 1530 1204 1266 1129 1244 884 1152 1421 1150 1051 1201 1166 1272 1151 1088 1015 1145 1101 1173 1244 1255 1451 1069 1181 1074 1202 1299 1246 976 1268 1127 1339 1132 1056 1148 1225 1432 1118 1205 1354 1245 1137 1069 1239 1281 1058 1148 1286 1082 1176 1279 1154 1129
1186 1295 1571 1244 1178 1302 1145 1241 1330 1301 1453 1519 1334 1344 1309 1240 994 1345 1382 1283 1206 1392 1226 1245 1110 1046 1146 1290 1181 1173 1389 1423 1332 1191 1269 1081 1369 1338 1471 1170 1402 1052 1334 1205 1064 1206 1330 1487 1169 1322 1396 1208 1151 1204 1463 1407 1222 1172 1321 1139 1072 1220 1239 1037
1266 1346 1385 1450 1360 1321 1272 1418 1376 1462 1486 1628 1345 1307 1322 1423 913 1355 1432 1257 1223 1284 1296 1343 1288 1232 1160 1343 1423 1293 1330 1475 1454 1136 1443 1322 1414 1322 1372 1157 1518 1046 1480 1320 1180 1261 1266 1465 1295 1496 1434 1273 1216 1255 1538 1351 1430 1357 1248 1257 1244 1344 1402 1135
1163 1285 1508 1484 1355 1281 1216 1465 1353 1407 1502 1521 1475 1293 1246 1333 1018 1287 1658 1361 1276 1362 1371 1388 1259 1143 1153 1236 1368 1238 1534 1653 1436 1076 1518 1218 1460 1315 1471 1165 1560 1178 1480 1355 1080 1311 1352 1495 1287 1431 1508 1291 1151 1357 1446 1413 1221 1300 1377 1286 1190 1343 1278 1104
1617 1663 1709 1538 1614 1442 1433 1531 1500 1557 1525 1683 1581 1482 1491 1535 1310 1589 1657 1500 1524 1712 1329 1465 1366 1375 1365 1458 1588 1357 1641 1657 1635 1260 1469 1444 1584 1517 1504 1351 1707 1397 1745 1566 1277 1470 1487 1710 1393 1661 1780 1380 1287 1342 1624 1526 1440 1436 1394 1408 1308 1387 1457 1311
1347 1528 1795 1647 1547 1549 1522 1468 1408 1503 1618 1729 1536 1436 1522 1589 1080 1610 1775 1503 1496 1483 1378 1561 1369 1291 1331 1416 1565 1565 1512 1645 1505 1281 1574 1366 1573 1499 1625 1298 1686 1167 1629 1537 1291 1465 1437 1629 1481 1673 1570 1494 1283 1389 1660 1510 1475 1436 1612 1423 1320 1547 1466 1229
1213 1376 1411 1128 1294 1095 1238 1366 1347 1283 1445 1623 1274 1255 1309 1278 1027 1268 1550 1284 1357 1229 1215 1252 1167 1109 1105 1216 1144 1227 1364 1352 1307 1131 1223 1150 1279 1348 1536 1178 1450 1081 1457 1219 1285 1219 1243 1478 1095 1316 1400 1277 1018 1141 1400 1311 1210 1223 1236 1167 992 1191 1286 1034
1481 1634 1725 1524 1617 1483 1421 1672 1492 1548 1796 1720 1554 1522 1571 1526 1198 1646 1771 1547 1484 1697 1443 1422 1554 1359 1292 1543 1625 1439 1572 1593 1619 1315 1566 1507 1565 1501 1683 1304 1662 1492 1804 1571 1418 1408 1561 1629 1394 1580 1776 1553 1298 1415 1744 1452 1525 1567 1454 1447 1499 1412 1581 1323
1326 1339 1552 1399 1365 1283 1253 1305 1192 1289 1445 1457 1362 1315 1345 1277 1045 1259 1454 1257 1238 1236 1243 1245 1149 1185 1154 1280 1360 1285 1352 1360 1441 1240 1315 1262 1318 1332 1223 1026 1444 1320 1480 1387 1177 1261 1365 1424 1267 1463 1512 1172 1073 1097 1464 1395 1171 1279 1226 1241 1204 1352 1190 1238
1375 1529 1651 1355 1424 1349 1342 1292 1325 1397 1579 1620 1462 1432 1408 1439 1215 1478 1570 1366 1359 1589 1251 1473 1319 1167 1263 1438 1532 1197 1414 1397 1530 1216 1416 1303 1562 1316 1356 1253 1497 1229 1517 1422 1135 1294 1351 1639 1258 1500 1575 1393 1301 1305 1571 1415 1386 1421 1289 1254 1273 1414 1382 1177
1187 1377 1443 1204 1105 1254 1248 1249 1207 1407 1375 1533 1320 1299 1229 1172 1126 1304 1478 1166 1256 1317 1267 1273 1212 1127 1133 1284 1155 1258 1343 1390 1397 1097 1215 1031 1337 1335 1289 1140 1447 1142 1346 1340 1148 1214 1187 1540 1137 1229 1378 1278 1209 1129 1396 1377 1190 1208 1253 1148 1072 1312 1219 1041
1326 1363 1487 1421 1366 1427 1201 1422 1397 1342 1419 1475 1485 1353 1352 1308 1012 1423 1567 1444 1326 1447 1185 1442 1267 1250 1176 1315 1426 1216 1445 1414 1341 1187 1326 1174 1500 1203 1438 1191 1421 1279 1455 1445 1277 1265 1372 1583 1234 1428 1614 1406 1132 1425 1415 1402 1244 1363 1298 1318 1171 1263 1284 1176
1454 1466 1681 1606 1474 1526 1355 1668 1589 1490 1683 1790 1649 1527 1457 1455 1136 1453 1654 1491 1379 1463 1471 1447 1396 1363 1346 1432 1355 1435 1589 1637 1634 1341 1471 1478 1508 1475 1638 1328 1685 1359 1707 1471 1364 1393 1486 1743 1400 1644 1790 1459 1289 1466 1603 1734 1382 1455 1495 1467 1363 1545 1482 1323
1257 1249 1482 1449 1285 1323 1223 1353 1421 1399 1340 1503 1349 1310 1328 1372 1010 1446 1521 1297 1252 1372 1213 1204 1223 1158 1159 1219 1275 1296 1286 1391 1324 1193 1323 1230 1268 1261 1399 1215 1425 990 1390 1382 1222 1235 1251 1454 1294 1385 1516 1269 1142 1282 1458 1454 1188 1185 1229 1179 1123 1298 1306 1203
1126 1387 1433 1406 1268 1252 1168 1262 1102 1238 1294 1461 1175 1162 1192 1320 951 1263 1450 1115 1086 1358 1232 1276 1228 1026 1098 1187 1336 1236 1240 1379 1311 1153 1435 1191 1363 1231 1273 1144 1489 1150 1422 1319 999 1232 1327 1393 1171 1419 1510 1192 1089 1182 1402 1341 1129 1238 1240 1123 1004 1212 1270 1184
1231 1227 1496 1325 1395 1261 1100 1394 1222 1366 1419 1489 1445 1256 1304 1288 1035 1329 1356 1277 1169 1464 1195 1190 1240 1140 1241 1350 1353 1167 1425 1458 1437 1139 1393 1130 1344 1336 1517 1209 1572 1175 1522 1405 1179 1348 1427 1430 1327 1463 1429 1175 1029 1126 1399 1368 1273 1332 1213 1201 1026 1216 1332 1088
1208 1300 1461 1517 1264 1245 1209 1307 1324 1364 1276 1491 1376 1298 1267 1299 1208 1333 1469 1297 1231 1282 1178 1162 1223 1086 1237 1250 1437 1284 1328 1396 1364 1232 1331 1271 1324 1146 1259 1183 1396 1139 1421 1457 1049 1218 1348 1422 1289 1520 1421 1111 1067 1175 1278 1324 1308 1225 1284 1093 1172 1402 1229 1126
1149 1277 1333 1210 1195 1090 1151 1130 1209 1130 1377 1466 1229 1225 1136 1102 939 1219 1502 1119 1186 1299 1115 1186 1013 1073 916 1188 1231 1213 1132 1283 1304 971 1227 1014 1350 1067 1291 1064 1290 1114 1252 1193 1179 1014 1216 1387 1006 1135 1314 1201 1051 1199 1354 1213 1194 1212 1129 1152 1084 1089 1128 1021
1110 1387 1407 1319 1357 1325 1145 1312 1283 1199 1250 1460 1356 1288 1156 1273 974 1284 1331 1236 1146 1469 1185 1210 1141 1040 1130 1153 1360 1291 1349 1521 1368 1056 1403 1310 1252 1329 1307 1168 1335 1118 1330 1198 1055 1232 1237 1428 1213 1358 1460 1182 980 1229 1472 1337 1195 1102 1315 1164 1154 1158 1253 1055
1275 1476 1488 1408 1352 1372 1263 1276 1350 1419 1385 1623 1339 1342 1272 1382 1068 1358 1494 1317 1288 1493 1246 1274 1215 1135 1194 1281 1388 1502 1307 1427 1453 1205 1408 1242 1404 1321 1370 1224 1526 1045 1547 1303 1270 1238 1390 1590 1285 1348 1495 1344 1087 1223 1415 1449 1210 1272 1451 1265 1158 1294 1366 1236
1444 1439 1523 1445 1519 1262 1279 1401 1372 1314 1502 1620 1502 1343 1341 1410 1109 1458 1488 1269 1260 1463 1356 1292 1394 1165 1294 1360 1413 1366 1300 1473 1520 1138 1340 1270 1376 1289 1558 1253 1558 1248 1679 1496 1208 1441 1419 1572 1350 1512 1570 1327 1154 1200 1478 1291 1317 1266 1280 1296 1201 1396 1327 1228
1256 1322 1570 1326 1393 1271 1214 1285 1476 1268 1458 1473 1373 1376 1373 1270 1135 1341 1506 1278 1231 1364 1376 1210 1239 1134 1043 1415 1353 1357 1275 1357 1308 1159 1218 1154 1288 1311 1419 1324 1564 1131 1361 1380 1271 1410 1324 1415 1303 1380 1456 1235 1104 1230 1435 1427 1226 1271 1289 1236 1084 1274 1309 1071
1441 1486 1613 1510 1388 1352 1330 1287 1318 1436 1531 1621 1644 1483 1366 1519 1218 1556 1550 1332 1360 1501 1316 1363 1256 1207 1280 1414 1577 1316 1396 1568 1539 1178 1474 1215 1571 1260 1404 1241 1488 1221 1570 1434 1262 1312 1341 1563 1391 1617 1442 1305 1157 1374 1570 1416 1475 1501 1297 1330 1366 1463 1353 1245
1438 1417 1532 1371 1382 1247 1174 1258 1374 1215 1471 1624 1415 1433 1326 1325 1025 1526 1416 1315 1338 1463 1237 1332 1207 1123 1081 1266 1355 1222 1394 1491 1527 1122 1277 1203 1410 1333 1424 1239 1554 1137 1577 1273 1062 1251 1356 1536 1374 1479 1603 1240 1106 1340 1468 1424 1240 1367 1347 1400 1252 1393 1342 1220
1296 1305 1480 1364 1269 1285 1222 1288 1285 1240 1374 1432 1337 1345 1227 1263 1006 1435 1475 1219 1284 1287 1113 1222 1194 1161 1038 1186 1230 1264 1362 1297 1375 1124 1198 1128 1268 1250 1373 1086 1352 1086 1577 1384 1034 1336 1269 1481 1243 1310 1440 1299 1139 1225 1295 1316 1308 1192 1208 1185 1169 1331 1218 1128
1334 1315 1547 1367 1417 1228 1320 1235 1301 1271 1415 1477 1283 1425 1304 1412 1160 1476 1508 1265 1258 1436 1227 1253 1229 1046 1121 1279 1506 1415 1226 1321 1401 1162 1279 1235 1397 1311 1478 1137 1435 1177 1455 1414 1125 1359 1417 1415 1284 1493 1430 1193 1059 1210 1466 1358 1282 1302 1216 1074 1156 1360 1209 1087
1316 1448 1605 1454 1430 1333 1395 1344 1373 1441 1576 1495 1312 1401 1367 1502 1026 1464 1733 1406 1391 1499 1179 1324 1281 1122 1136 1176 1457 1410 1416 1436 1382 1209 1315 1221 1541 1192 1399 1142 1578 1203 1582 1517 1059 1260 1449 1498 1231 1504 1586 1327 1200 1298 1485 1357 1310 1417 1313 1202 1208 1421 1304 1221
1404 1586 1687 1437 1477 1377 1303 1393 1454 1391 1705 1798 1542 1483 1326 1370 1126 1572 1568 1375 1398 1595 1443 1483 1295 1188 1286 1415 1436 1338 1485 1667 1587 1238 1368 1348 1556 1399 1473 1320 1671 1327 1601 1472 1269 1235 1524 1708 1312 1544 1704 1367 1294 1376 1665 1590 1334 1464 1448 1343 1279 1565 1370 1214
1456 1555 1807 1503 1589 1387 1350 1443 1457 1426 1577 1670 1565 1523 1468 1404 1147 1397 1652 1315 1413 1555 1383 1482 1415 1159 1315 1438 1442 1469 1434 1549 1515 1237 1413 1371 1396 1322 1560 1393 1609 1201 1616 1345 1314 1421 1435 1667 1349 1464 1821 1386 1229 1406 1559 1512 1295 1363 1509 1375 1262 1430 1416 1271
1213 1212 1259 1292 1295 1217 1115 1220 1136 1336 1271 1197 1300 1180 1257 1175 923 1313 1213 1214 1185 1298 1066 1230 1179 1053 1085 1061 1393 1172 1291 1265 1344 990 1232 1142 1197 1163 1240 983 1311 1019 1453 1231 1044 1272 1290 1320 1214 1275 1355 1198 983 1213 1305 1260 1205 1143 1071 1169 1185 1073 1211 1099
1260 1345 1430 1267 1243 1217 1117 1252 1204 1302 1345 1551 1413 1123 1253 1265 931 1371 1472 1160 1162 1333 1278 1357 1087 1178 1125 1152 1353 1270 1212 1387 1414 1038 1385 1157 1248 1189 1325 1132 1448 1001 1422 1318 1061 1341 1171 1310 1268 1391 1371 1276 1059 1215 1412 1156 1129 1164 1119 1154 1113 1277 1302 1126
1109 1180 1353 1193 1376 1237 1005 1112 1066 1204 1315 1388 1246 1120 1036 1180 849 1254 1319 1241 1081 1358 1078 1211 1068 1122 1105 1145 1266 1168 1121 1190 1229 955 1260 1188 1295 1181 1085 1021 1278 1138 1394 1247 1004 1209 1156 1414 1080 1309 1400 1190 1035 1238 1275 1171 1019 1139 1153 1056 987 1006 1170 955
1548 1561 1641 1601 1490 1470 1355 1394 1533 1577 1622 1704 1539 1629 1473 1529 1259 1611 1608 1505 1497 1573 1370 1364 1346 1359 1358 1543 1530 1488 1470 1498 1591 1352 1427 1431 1552 1414 1447 1360 1682 1270 1742 1525 1307 1458 1401 1696 1490 1644 1640 1333 1294 1435 1564 1657 1533 1517 1498 1416 1423 1532 1540 1381
1301 1372 1544 1577 1415 1297 1335 1477 1362 1432 1379 1553 1340 1353 1352 1404 1045 1293 1607 1419 1336 1424 1378 1455 1237 1134 1298 1265 1414 1402 1527 1611 1542 1310 1443 1307 1392 1390 1541 1168 1577 1285 1506 1378 1138 1291 1391 1512 1275 1548 1515 1230 1140 1221 1472 1475 1296 1322 1429 1183 1150 1352 1245 1238
1365 1322 1669 1471 1507 1330 1151 1390 1413 1469 1552 1602 1525 1471 1342 1416 1003 1502 1596 1326 1243 1467 1377 1484 1385 1260 1218 1438 1300 1281 1497 1515 1552 1187 1332 1283 1394 1340 1494 1290 1558 1177 1561 1273 1325 1355 1391 1721 1379 1455 1601 1409 1123 1435 1486 1563 1342 1436 1388 1328 1242 1371 1356 1237
