0 14 0 0 0 0 0 8 56 77 0 0 0 0 0 7 5 0 0 0 7 0 0 0 7 0 0 16 0 0 1 32 0 0 0 0 0 0 0 0 4 48 0 0 0 1 6 1 0 0 56 35 0 6 0 7 78 0 0 0 0 0 0 0
10 18 56 28 0 0 56 0 0 0 10 99 0 45 14 40 0 48 64 0 15 48 0 24 41 21 20 0 0 54 0 0 18 65 0 0 0 32 144 42 0 56 5 15 27 0 0 27 72 0 20 0 0 0 0 24 24 69 102 15 54 0 0 14
0 24 0 0 0 8 2 0 0 0 0 0 0 72 0 0 72 0 68 4 0 14 72 0 0 0 81 0 0 0 0 0 0 0 81 0 0 0 0 0 0 56 8 81 0 56 0 0 0 9 0 0 9 7 0 72 0 35 0 27 0 0 0 20
0 0 0 45 72 46 0 0 0 0 17 69 0 0 0 0 0 0 25 0 0 0 15 0 0 40 0 0 0 0 30 0 0 0 0 0 0 0 0 0 25 28 40 0 0 0 0 0 0 45 15 0 45 35 0 3 0 20 15 45 0 0 0 18
32 0 8 0 87 0 0 0 0 0 11 24 0 8 0 0 36 0 0 0 0 0 0 0 0 15 0 0 0 0 0 16 0 0 4 0 1 0 8 4 0 6 0 0 0 0 0 0 0 0 4 0 0 26 64 7 0 40 0 0 0 9 40 0
21 21 0 14 0 0 0 24 8 4 0 30 0 0 0 20 0 20 9 0 0 10 0 0 42 0 0 18 9 18 0 0 0 0 0 0 12 4 0 14 0 0 5 0 2 0 0 0 2 18 10 0 0 3 0 6 0 0 16 4 42 3 12 18
12 0 43 20 18 0 40 8 0 0 3 87 0 15 10 0 0 56 35 0 35 35 0 0 0 0 45 4 0 0 0 0 0 0 57 8 0 21 6 63 12 0 16 53 0 0 0 0 0 0 0 0 30 13 24 40 0 71 15 10 0 0 12 10
4 0 0 9 72 9 14 0 0 0 12 96 0 0 0 10 0 0 16 0 0 0 28 8 2 40 8 0 0 0 6 0 0 8 0 5 8 8 64 32 5 50 2 20 0 0 2 0 0 0 8 0 0 16 0 60 6 48 0 0 0 72 0 5
21 0 56 28 0 21 14 64 21 0 55 105 0 6 14 0 24 56 14 0 56 35 0 35 14 0 18 0 0 0 56 18 0 0 39 63 0 14 0 105 0 0 63 60 7 0 32 64 18 0 0 0 16 169 0 100 0 70 21 4 40 0 0 14
33 0 6 0 36 0 38 0 9 0 6 0 0 54 0 0 0 0 63 0 40 0 0 21 6 0 0 0 0 0 0 0 0 0 0 0 0 8 0 24 28 0 27 15 3 0 6 52 0 12 24 0 18 39 48 0 0 105 0 0 14 0 24 24
10 42 0 35 21 81 26 0 0 0 7 0 0 77 12 0 145 0 20 55 0 42 82 72 0 25 0 0 5 16 0 28 0 0 37 45 12 0 12 42 0 42 0 35 0 42 18 24 12 0 7 0 0 40 51 32 0 50 54 0 0 0 14 65
3 0 0 0 0 6 30 0 0 4 9 21 0 0 0 0 0 0 9 0 0 0 15 0 0 30 0 10 15 9 0 0 0 0 66 0 0 0 15 35 30 12 25 62 0 0 0 0 2 0 15 0 47 3 54 3 0 18 15 4 0 0 0 18
0 60 8 85 0 8 0 8 0 8 58 21 0 16 26 0 56 16 33 42 0 0 56 0 0 0 0 0 0 50 54 48 0 0 56 0 0 0 24 0 45 0 8 0 0 0 0 48 60 41 0 0 9 31 0 56 0 43 45 9 0 0 0 2
15 63 35 0 27 40 25 0 15 0 87 12 35 18 48 0 123 0 43 0 39 12 42 0 10 0 0 20 0 24 67 36 0 0 9 0 3 0 18 40 23 0 85 25 5 0 0 84 0 57 9 0 45 70 0 70 0 39 0 45 4 0 18 0
0 0 0 0 0 0 35 67 0 0 73 63 0 0 0 57 0 0 40 0 0 9 0 0 0 0 7 0 5 24 0 0 0 0 0 0 32 0 0 0 0 35 0 0 0 0 0 0 0 39 0 0 2 8 24 52 15 24 16 48 0 8 0 48
16 0 0 32 0 0 0 0 0 0 0 0 0 0 0 0 0 0 0 0 0 0 0 0 0 0 0 0 0 0 0 0 0 0 0 0 0 0 0 0 0 0 0 0 0 0 0 0 0 0 48 0 0 0 0 0 0 0 72 0 0 0 0 0
54 0 36 42 0 24 0 72 24 0 2 0 63 0 54 59 30 12 63 0 27 0 0 40 42 0 54 125 0 54 126 6 0 42 7 72 0 0 105 0 52 7 0 89 51 6 12 28 15 90 30 0 0 75 0 18 0 0 111 45 32 0 129 0
0 0 32 0 0 0 4 0 0 42 0 48 56 0 48 0 0 64 0 8 24 68 0 21 0 0 0 44 0 0 64 24 0 0 0 0 0 16 0 56 0 36 0 0 0 0 6 0 0 12 24 0 18 0 0 0 48 0 0 0 0 0 0 0
0 0 0 0 0 0 0 0 0 0 0 0 0 54 16 16 0 0 0 0 0 0 0 0 0 0 0 20 0 0 0 0 0 0 0 0 0 24 0 0 0 0 0 0 20 0 0 0 24 0 0 0 0 24 0 0 0 42 0 0 0 0 0 24
24 0 6 0 36 99 36 0 0 0 6 18 0 0 0 0 0 24 0 0 45 15 0 109 0 0 0 0 0 0 0 0 0 0 0 121 0 15 0 21 0 0 0 9 0 0 16 0 0 0 0 0 0 99 48 0 0 57 0 0 0 0 24 40
20 30 32 54 0 30 0 12 0 0 64 30 56 0 60 14 58 0 0 0 24 24 28 0 12 0 0 32 4 16 64 0 0 0 0 2 6 0 12 0 0 0 2 36 30 0 0 24 6 24 54 0 0 0 48 28 0 48 97 0 12 42 0 4
0 0 40 29 15 15 4 0 0 0 18 48 0 10 10 0 60 0 0 0 25 0 0 32 0 28 0 0 0 0 0 74 0 0 68 0 0 1 0 0 0 0 0 38 15 0 0 0 54 0 5 0 0 27 24 32 0 38 15 20 0 21 10 10
18 18 7 63 0 18 36 12 0 12 0 18 0 24 36 36 0 24 78 45 0 0 0 16 0 0 0 45 0 54 0 35 0 0 0 10 0 54 63 0 0 0 0 0 72 42 4 0 54 48 0 0 0 126 0 14 28 0 99 0 18 0 21 10
36 107 29 0 54 32 92 0 32 12 17 0 0 0 12 16 3 0 20 0 62 0 0 0 0 63 0 31 0 72 42 0 0 0 48 0 4 24 24 56 68 27 64 32 15 0 0 0 99 36 59 20 94 73 90 0 8 63 0 36 5 0 108 0
0 10 0 0 6 18 12 0 16 48 0 54 0 4 0 2 36 32 0 0 15 20 18 30 0 0 0 12 0 0 0 32 0 0 2 54 5 11 40 48 0 50 0 6 0 14 0 0 0 0 18 10 0 64 32 35 52 9 0 0 0 45 4 0
8 18 0 16 0 0 0 0 0 0 0 0 0 0 24 24 0 0 0 0 0 0 0 0 36 0 0 30 0 0 0 0 0 0 0 0 0 36 0 0 0 0 0 0 30 0 0 0 36 0 24 0 0 36 8 0 0 0 36 0 36 0 0 0
54 12 0 45 0 0 12 0 0 0 0 0 0 0 28 28 0 0 0 0 0 0 0 7 24 0 0 51 30 0 30 0 0 0 30 0 0 42 6 14 37 0 20 50 35 0 2 0 42 4 8 0 20 42 0 0 0 20 0 0 24 0 0 0
0 27 15 0 81 0 15 0 0 0 15 54 0 0 0 0 0 0 0 0 24 0 0 0 0 45 0 0 0 0 27 0 0 0 0 0 3 0 0 0 15 18 0 0 0 0 0 0 0 0 0 0 0 0 0 0 0 0 0 0 0 0 0 0
24 42 0 24 9 40 16 73 24 14 31 59 0 28 0 16 40 28 49 28 0 0 0 0 58 5 63 0 45 24 0 6 0 0 7 0 16 0 0 64 0 2 72 88 48 0 0 64 14 56 0 0 18 63 64 0 0 78 49 0 42 60 0 24
60 12 0 18 0 0 0 8 0 16 0 12 0 16 0 0 0 16 46 0 30 0 63 62 0 42 0 12 48 30 12 0 0 0 18 0 0 0 14 0 10 45 22 117 6 0 4 0 4 40 16 0 12 0 0 57 0 89 30 38 4 0 0 0
0 0 0 0 0 87 7 0 0 0 23 33 0 30 0 5 0 0 71 14 0 12 15 107 0 0 0 0 0 6 0 0 12 30 0 45 2 0 70 8 28 19 0 0 0 0 28 46 52 20 55 0 30 4 0 17 3 0 25 0 14 18 0 63
21 0 0 3 0 4 0 0 0 28 0 0 0 63 0 12 0 0 123 12 0 30 0 0 0 0 54 0 63 63 0 0 18 49 54 0 0 0 81 0 8 0 35 54 0 10 18 35 86 14 0 0 0 0 0 48 0 12 0 54 16 0 0 0
0 10 0 0 0 9 0 0 40 15 21 0 0 25 0 5 0 0 0 0 0 10 0 15 0 0 0 0 0 30 0 0 10 25 0 27 0 0 80 0 0 0 0 3 15 0 0 15 40 0 40 25 0 27 0 12 10 0 45 0 10 0 0 0
24 49 6 0 36 0 0 16 0 0 14 3 0 0 0 0 0 0 0 0 0 3 0 0 0 49 0 0 0 56 0 0 0 0 0 16 0 0 0 0 0 21 16 0 0 0 0 0 63 3 21 0 20 23 62 0 0 36 0 0 0 0 80 0
24 10 6 0 36 72 0 32 40 15 6 48 0 0 0 21 0 0 0 0 0 0 0 64 0 0 0 0 0 12 0 0 0 0 0 40 20 0 32 16 0 0 0 0 0 0 16 0 0 0 40 25 8 32 68 28 10 30 8 0 0 40 24 64
34 0 0 110 0 10 44 0 18 0 15 37 0 0 0 0 0 0 32 40 0 0 46 0 12 0 0 0 0 0 36 0 0 0 0 0 0 0 0 48 30 35 54 45 6 0 0 48 0 10 25 0 0 106 0 16 0 69 25 16 0 0 0 30
0 27 0 0 0 0 62 0 0 0 54 24 0 0 32 62 0 0 48 0 25 15 0 0 54 0 0 40 0 42 0 0 0 0 0 0 0 53 49 0 0 42 0 0 61 0 0 0 48 60 0 0 0 48 0 44 18 45 63 72 68 0 0 0
10 42 0 20 0 54 28 14 0 14 0 21 0 73 0 45 69 28 81 0 0 18 63 48 0 0 0 25 0 0 12 0 18 75 0 30 0 0 111 0 0 82 0 0 0 49 12 27 72 56 30 0 4 0 0 0 12 0 66 0 10 0 15 30
0 0 0 0 18 0 0 8 0 0 2 26 0 0 0 0 0 0 0 0 7 0 0 0 0 10 0 0 0 0 1 0 0 0 0 0 2 0 16 8 0 4 0 0 0 0 4 1 0 10 0 0 12 13 0 29 0 0 0 16 0 18 0 0
10 18 0 0 0 0 54 12 0 12 10 42 0 24 0 0 0 56 42 0 0 20 0 0 5 0 20 18 0 0 0 0 0 20 54 0 0 28 27 91 54 0 41 36 0 0 0 0 0 48 20 0 63 0 0 0 0 20 18 0 0 0 0 0
67 16 0 94 0 72 54 64 91 24 8 0 0 0 0 8 0 0 36 45 0 0 0 64 22 0 64 0 0 0 48 0 0 16 0 40 0 16 0 72 0 0 85 117 25 0 16 72 8 32 122 40 0 135 0 0 16 55 63 40 0 0 64 40
16 0 2 65 6 0 32 0 0 0 0 0 0 4 0 0 63 0 32 40 0 0 63 0 63 0 0 0 0 0 6 18 0 0 2 0 0 0 0 0 41 45 0 45 0 21 18 0 0 0 2 0 0 64 0 13 8 85 0 0 0 0 10 0
0 21 0 0 0 0 0 0 0 0 16 0 0 6 0 0 0 0 0 6 0 0 0 0 42 40 0 0 8 0 0 48 0 0 104 0 4 0 0 14 0 0 0 56 0 0 0 0 52 0 0 0 0 24 74 0 0 24 18 0 42 0 0 0
16 6 12 4 48 8 60 0 0 0 16 40 0 26 2 0 72 0 0 0 30 4 20 0 12 0 0 12 0 0 0 32 4 10 44 0 0 6 36 42 36 16 24 24 0 0 0 6 16 15 28 0 42 12 32 16 0 45 23 24 12 0 32 26
0 57 20 4 3 0 32 75 0 0 8 36 0 47 0 24 9 0 0 0 47 18 0 0 42 0 63 0 45 54 36 4 18 45 1 0 28 3 123 0 20 0 0 0 18 0 0 27 72 0 1 0 18 6 0 0 0 79 66 0 54 6 2 36
18 0 0 0 0 0 0 36 0 24 0 18 0 81 0 12 45 0 54 0 0 0 0 0 63 0 28 0 74 63 0 0 0 0 0 0 12 0 0 0 36 0 30 0 0 9 18 0 12 0 0 0 8 3 20 0 0 87 6 24 0 3 0 54
0 0 0 0 9 8 0 72 0 0 13 88 0 0 0 66 0 0 0 0 0 0 20 0 0 5 0 30 0 27 0 0 0 36 0 0 36 0 36 0 0 24 0 0 0 0 0 0 0 0 20 0 0 9 28 4 0 0 38 0 0 9 18 78
16 0 0 32 0 0 0 0 0 0 24 9 0 0 0 20 0 0 0 0 0 9 0 0 0 0 0 20 0 0 0 0 0 24 0 0 0 0 24 0 0 4 0 0 0 0 0 0 0 9 48 0 0 0 0 0 0 18 72 0 0 0 12 0
73 21 0 20 0 2 6 0 0 0 0 0 0 15 0 48 0 28 0 6 0 12 0 0 42 0 0 16 63 0 0 0 6 17 27 0 0 0 30 7 6 0 18 53 0 61 9 9 24 7 30 0 7 0 4 0 0 0 45 7 48 0 0 0
21 0 0 0 0 4 0 0 0 28 0 0 0 25 0 12 0 0 63 12 0 22 0 0 0 0 0 0 63 99 0 0 10 29 0 0 0 0 87 0 0 0 35 0 18 10 18 15 54 14 0 0 0 0 0 0 0 0 54 42 24 0 0 0
0 18 0 0 0 10 8 0 0 0 87 62 0 30 0 0 0 0 0 0 10 39 25 0 36 0 0 0 0 6 0 0 12 30 0 0 0 2 61 0 0 20 0 0 3 0 0 18 48 27 25 0 0 0 0 5 0 60 34 0 38 0 0 30
0 0 0 0 0 0 6 18 0 0 0 0 0 0 0 0 0 0 0 0 0 0 0 0 0 0 42 2 30 0 0 0 0 0 6 0 0 0 3 7 6 0 4 4 0 0 0 0 0 0 0 0 19 0 0 0 0 36 0 0 0 0 0 0
24 36 25 0 30 0 20 30 0 0 13 0 0 0 0 28 0 0 0 0 77 0 0 72 0 63 0 0 8 18 36 0 0 0 0 10 16 0 21 0 20 0 10 45 9 0 0 0 12 0 0 0 0 15 40 72 0 25 59 45 6 0 20 8
0 36 36 0 0 0 28 0 0 0 14 72 63 9 72 62 42 52 32 23 27 15 42 0 0 0 0 36 28 66 72 0 0 0 0 0 15 6 132 78 0 28 0 0 18 56 0 36 10 0 0 0 0 18 3 105 12 0 91 0 12 81 0 0
10 0 32 36 0 0 50 0 0 0 0 72 0 0 8 30 0 48 48 16 0 86 0 0 0 0 0 0 0 0 0 0 0 0 0 0 0 12 0 42 0 42 0 0 0 0 0 0 0 0 30 0 0 0 12 0 18 28 57 0 0 0 0 8
18 17 72 48 0 20 4 6 38 18 12 102 0 12 18 4 20 12 21 0 0 0 0 0 10 0 24 0 0 0 0 0 0 24 0 0 0 24 0 16 0 0 24 34 22 0 0 16 0 64 56 20 0 14 32 32 8 93 36 64 0 28 0 18
0 0 0 0 12 0 0 6 0 0 85 24 0 8 0 0 76 0 0 21 0 24 0 0 56 0 0 0 0 9 0 16 0 0 4 6 0 0 0 0 32 0 6 0 0 8 16 0 6 24 4 0 0 0 0 0 0 48 15 0 0 0 8 0
26 0 0 28 27 10 0 0 0 16 18 53 0 0 0 0 0 0 36 0 35 0 25 56 0 64 0 0 36 36 0 0 0 0 0 0 0 0 0 0 0 26 20 35 0 0 0 0 8 0 67 0 0 0 0 61 0 0 88 51 0 0 0 30
9 16 0 0 0 10 78 93 64 31 0 39 0 27 0 125 0 0 63 30 45 30 0 0 0 0 81 16 18 66 0 4 0 10 123 0 51 9 77 49 42 6 28 109 24 25 45 0 27 50 64 40 49 6 0 84 24 27 156 77 46 6 0 54
21 0 0 0 0 0 0 0 0 28 0 0 0 20 0 0 23 0 63 0 40 8 0 64 7 56 0 0 63 63 36 0 8 20 0 0 0 0 36 0 4 0 35 40 0 1 2 12 46 0 0 0 12 0 0 64 0 0 0 68 30 0 0 0
0 0 0 8 0 45 0 0 0 0 0 0 0 0 0 0 0 0 0 0 0 0 0 40 0 0 0 0 0 0 0 0 0 0 0 25 0 0 0 0 0 0 0 0 0 0 10 0 0 0 0 0 0 0 0 0 0 32 0 0 0 0 0 25
59 0 0 63 0 0 18 0 20 0 0 0 0 0 0 20 20 10 0 0 0 0 0 0 28 0 0 51 0 0 0 0 0 0 18 0 0 0 9 21 34 0 12 12 5 4 8 0 0 45 67 0 21 0 0 15 0 0 88 0 0 0 30 0
0 6 0 0 9 72 0 56 0 0 16 6 0 6 0 0 54 0 0 0 0 6 63 64 12 0 42 0 0 0 96 12 0 0 3 40 0 0 0 0 0 45 0 108 14 0 16 0 7 34 3 0 18 0 0 9 0 93 0 35 57 0 62 40
68 0 24 28 54 0 0 0 0 0 48 72 42 0 36 0 0 48 0 0 18 30 0 0 0 70 0 36 38 0 48 0 0 0 66 0 0 12 0 42 0 12 12 98 0 0 0 0 0 0 42 0 0 0 72 24 0 24 63 0 0 0 0 0
